$SPEC_ID:
No sample description was entered.
$SPEC_REM:
DET# 2
DETDESC# SPACESCIENCE8 digiBASE-RH SN 15121449
AP# Maestro Version 7.01
$DATE_MEA:
11/03/2025 15:28:10
$MEAS_TIM:
112 113
$DATA:
0 1023
       0
       0
       0
       0
       0
       0
       0
       0
       0
       0
      94
    1080
    1425
    1202
    1022
     794
     673
     554
     456
     376
     385
     355
     339
     372
     370
     363
     346
     345
     350
     340
     365
     365
     354
     366
     383
     369
     342
     359
     359
     381
     366
     370
     341
     391
     375
     404
     377
     349
     395
     408
     356
     376
     345
     386
     351
     366
     393
     382
     388
     365
     369
     404
     358
     348
     415
     380
     372
     360
     415
     408
     404
     445
     432
     483
     428
     425
     479
     483
     489
     459
     472
     459
     474
     427
     444
     489
     479
     448
     455
     450
     435
     406
     422
     460
     430
     393
     392
     429
     415
     427
     374
     383
     381
     373
     399
     382
     390
     382
     351
     342
     361
     387
     332
     369
     328
     331
     353
     354
     319
     351
     358
     338
     285
     332
     296
     275
     322
     288
     298
     275
     298
     279
     262
     281
     291
     273
     291
     253
     281
     266
     272
     230
     250
     265
     237
     237
     210
     208
     234
     218
     232
     218
     236
     233
     242
     233
     229
     201
     190
     212
     199
     221
     205
     220
     227
     153
     178
     177
     199
     199
     193
     174
     189
     194
     153
     163
     173
     173
     159
     182
     190
     147
     148
     158
     170
     160
     149
     147
     154
     145
     161
     137
     139
     137
     132
     123
     155
     140
     139
     138
     106
     105
     118
     111
      90
      80
      76
      92
      84
      90
      88
      86
      76
      76
      68
      82
      66
      66
      68
      61
      64
      69
      54
      60
      66
      59
      75
      72
      57
      64
      69
      52
      60
      76
      67
      63
      71
      78
      95
     100
     106
     107
     146
     152
     161
     172
     228
     222
     228
     279
     283
     322
     406
     457
     472
     506
     623
     668
     671
     770
     886
     946
    1050
    1048
    1158
    1285
    1354
    1382
    1535
    1542
    1607
    1708
    1817
    1825
    1863
    1899
    1909
    2040
    1919
    1942
    1997
    1942
    1885
    1827
    1822
    1820
    1772
    1705
    1671
    1483
    1604
    1389
    1315
    1249
    1106
    1063
    1031
     933
     807
     837
     722
     650
     551
     525
     471
     390
     390
     323
     276
     228
     210
     191
     153
     160
     131
     104
      74
      74
      56
      53
      48
      41
      37
      27
      18
      18
       6
      17
      13
      10
       7
       6
      10
       6
       8
       6
       5
      14
       9
       4
       5
       5
       4
       9
       9
       4
       4
       4
       6
       8
       0
       3
       8
       3
       6
       7
       7
       6
       3
       6
       2
       4
       4
       8
      10
       2
       6
       4
       6
       4
       6
       2
       2
       3
       2
       6
       4
       7
       5
       7
      10
       7
       5
       2
       4
       1
       5
       4
       2
       7
       0
       2
       3
       1
       4
       3
       3
       3
       3
       4
       9
       5
       4
       5
       5
       5
       2
       3
       4
       2
       3
       4
       4
       1
       3
       3
       5
       4
       5
       1
       1
       3
       2
       4
       2
       2
       2
       1
       2
       4
       1
       1
       3
       2
       1
       5
       4
       0
       2
       5
       5
       4
       3
       4
       3
       3
       0
       4
       2
       0
       3
       4
       4
       3
       2
       1
       3
       6
       2
       2
       1
       2
       6
       3
       1
       2
       2
       1
       3
       5
       5
       4
       4
       2
       1
       5
       3
       1
       2
       5
       4
       4
       3
       4
       2
       1
       1
       5
       3
       1
       1
       1
       1
       1
       2
       1
       3
       2
       2
       0
       2
       5
       4
       1
       1
       1
       1
       0
       2
       1
       3
       0
       2
       5
       1
       3
       3
       2
       1
       4
       4
       1
       3
       0
       1
       2
       1
       2
       0
       4
       0
       0
       2
       3
       2
       1
       1
       1
       2
       1
       4
       1
       3
       0
       1
       2
       3
       0
       0
       2
       2
       0
       2
       2
       1
       1
       3
       1
       0
       3
       1
       5
       2
       2
       4
       1
       0
       0
       3
       2
       1
       2
       1
       2
       3
       3
       1
       0
       4
       3
       0
       2
       2
       3
       1
       1
       2
       1
       1
       0
       4
       2
       2
       2
       3
       1
       3
       4
       3
       3
       1
       2
       4
       2
       1
       5
       2
       2
       2
       2
       3
       7
       3
       3
       3
       1
       6
       4
       2
       4
       2
      12
       7
       1
       4
       2
       5
       8
       7
       6
       4
       1
       1
       2
       2
       6
       2
       4
       2
       3
       3
       3
       3
       4
       1
       1
       1
       1
       2
       1
       0
       1
       1
       1
       2
       1
       1
       1
       2
       0
       0
       3
       1
       4
       2
       3
       3
       1
       1
       1
       3
       2
       0
       0
       0
       1
       0
       0
       2
       0
       2
       1
       1
       1
       0
       1
       0
       1
       0
       0
       0
       0
       0
       1
       0
       0
       1
       0
       0
       0
       0
       1
       1
       1
       1
       1
       1
       0
       2
       2
       0
       0
       0
       2
       1
       0
       0
       0
       1
       0
       0
       0
       1
       1
       0
       2
       0
       1
       0
       0
       0
       3
       0
       4
       0
       0
       1
       0
       1
       0
       1
       0
       3
       3
       1
       0
       0
       1
       0
       0
       2
       0
       0
       1
       1
       3
       1
       0
       0
       0
       1
       2
       1
       3
       2
       0
       0
       0
       1
       1
       1
       1
       1
       1
       1
       0
       0
       1
       1
       0
       0
       1
       0
       0
       1
       0
       0
       1
       1
       0
       0
       0
       1
       0
       0
       0
       0
       1
       0
       0
       0
       0
       0
       0
       0
       0
       1
       0
       1
       1
       0
       0
       0
       0
       0
       0
       0
       0
       0
       0
       0
       0
       0
       0
       0
       0
       1
       0
       0
       0
       0
       0
       0
       0
       0
       0
       0
       0
       0
       0
       0
       0
       0
       1
       0
       0
       0
       0
       0
       2
       1
       0
       0
       0
       0
       0
       0
       0
       0
       0
       0
       0
       0
       0
       0
       0
       0
       0
       0
       0
       1
       0
       0
       0
       0
       0
       0
       0
       0
       1
       1
       1
       3
       0
       0
       0
       0
       1
       0
       0
       0
       0
       1
       1
       0
       0
       0
       1
       2
       0
       1
       0
       0
       0
       0
       1
       0
       0
       2
       0
       0
       2
       0
       1
       0
       0
       0
       0
       1
       0
       0
       0
       0
       0
       0
       1
       0
       0
       0
       0
       0
       1
       1
       1
       0
       0
       0
       0
       0
       0
       0
       1
       0
       0
       1
       1
       0
       0
       1
       0
       0
       0
       0
       0
       0
       2
       0
       0
       0
       1
       0
       0
       0
       0
       0
       0
       0
       0
       0
       0
       0
       1
       0
       0
       0
       0
       0
       0
       0
       0
       1
       0
       0
       0
       0
       0
       0
       0
       0
       0
       0
       0
       0
       0
       0
       0
       0
       0
       0
       0
       0
       0
       0
       0
       0
       0
       0
       0
       0
       0
       0
       0
       0
       0
       0
       0
       0
       0
       0
       0
       0
       0
       0
       0
$ROI:
0
$PRESETS:
None
0
0
$ENER_FIT:
0.000000 2.205567
$MCA_CAL:
3
0.000000E+000 2.205567E+000 0.000000E+000 keV
$SHAPE_CAL:
3
0.000000E+000 0.000000E+000 0.000000E+000
