$SPEC_ID:
No sample description was entered.
$SPEC_REM:
DET# 2
DETDESC# SPACESCIENCE8 digiBASE-RH SN 15121449
AP# Maestro Version 7.01
$DATE_MEA:
11/03/2025 15:32:05
$MEAS_TIM:
129 130
$DATA:
0 1023
       0
       0
       0
       0
       0
       0
       0
       0
       0
       0
     145
    1494
    1873
    1609
    1344
    1049
     915
     679
     562
     470
     400
     458
     415
     431
     405
     422
     426
     459
     456
     439
     437
     445
     478
     463
     451
     453
     482
     456
     503
     485
     474
     456
     446
     459
     486
     457
     457
     476
     486
     501
     507
     490
     447
     495
     518
     496
     449
     516
     497
     545
     484
     529
     490
     512
     503
     530
     526
     567
     572
     525
     570
     608
     608
     561
     601
     580
     575
     611
     598
     588
     663
     597
     625
     665
     623
     616
     656
     631
     617
     653
     530
     600
     620
     611
     570
     559
     617
     581
     546
     570
     591
     556
     564
     538
     519
     509
     535
     535
     524
     510
     527
     477
     519
     489
     492
     479
     488
     505
     495
     450
     463
     460
     477
     426
     443
     445
     427
     441
     420
     434
     405
     386
     388
     369
     416
     365
     400
     378
     381
     358
     376
     350
     359
     341
     328
     356
     356
     314
     329
     346
     331
     302
     340
     326
     301
     295
     292
     288
     289
     304
     273
     255
     281
     267
     270
     246
     263
     266
     241
     270
     251
     230
     223
     232
     236
     243
     224
     258
     226
     207
     229
     235
     207
     204
     213
     224
     191
     177
     199
     187
     197
     176
     153
     183
     195
     180
     180
     156
     168
     134
     123
     123
     129
     131
     134
     133
     127
     125
     123
     122
      89
      97
     105
     102
      99
      98
      88
      90
      98
      90
      96
      87
      76
      84
      81
      95
      83
      80
      74
      91
      93
     100
     104
      98
     124
     126
     124
     139
     149
     197
     168
     220
     229
     258
     227
     301
     325
     342
     422
     424
     542
     559
     621
     698
     766
     842
     957
    1030
    1123
    1262
    1327
    1441
    1539
    1692
    1866
    1895
    2024
    2228
    2239
    2320
    2334
    2410
    2651
    2701
    2711
    2762
    2870
    2869
    2864
    2800
    2801
    2792
    2806
    2679
    2651
    2493
    2434
    2360
    2228
    2077
    2080
    1845
    1726
    1675
    1525
    1466
    1323
    1203
    1142
     962
     948
     808
     721
     648
     598
     526
     465
     423
     408
     299
     269
     228
     213
     160
     156
     126
      86
      91
      82
      80
      54
      52
      27
      38
      37
      20
      17
      15
      13
       9
      15
      10
      13
      10
      11
       8
       8
       7
       4
       7
       5
       4
       7
       4
       8
       4
       1
       6
       4
       4
       2
       6
       3
       6
       7
       6
       4
       5
       6
       6
       5
       5
       6
       2
       4
       4
       1
      10
       2
       3
       6
      12
       5
       7
       2
       3
       7
       4
       5
       7
       2
      10
       9
       4
       8
       4
       8
       3
       5
       4
       2
       4
       7
       3
       1
       3
       4
       4
       6
       3
       2
       0
       5
       8
       1
       5
       3
       6
       4
       8
       3
       3
       2
       4
       1
       1
       4
       2
       2
       5
       6
       7
       1
       3
       3
       4
       7
       4
       2
       7
       4
       4
       4
       4
       3
       7
       3
       3
       3
       2
       4
       3
       4
       5
       4
       1
       6
       1
       6
       3
       3
       2
       3
       1
       3
       4
       3
       3
       3
       4
       2
       2
       2
       3
       3
       4
       7
       5
       4
       4
       5
       7
       0
       7
       6
       1
       3
       4
       4
       1
       6
       1
       6
       4
       4
       2
       2
       0
       1
       3
       1
       2
       2
       4
       4
       4
       2
       5
       6
       4
       1
       3
       2
       3
       3
       0
       2
       6
       0
       0
       2
       4
       4
       2
       4
       1
       3
       3
       6
       4
       5
       4
       1
       4
       3
       1
       4
       2
       0
       1
       3
       3
       2
       4
       2
       5
       2
       0
       1
       2
       4
       5
       4
       3
       2
       2
       0
       7
       2
       1
       0
       2
       0
       3
       6
       0
       1
       7
       1
       3
       2
       5
       1
       4
       2
       5
       2
       4
       0
       2
       3
       1
       0
       0
       2
       2
       3
       3
       1
       2
       1
       3
       3
       1
       5
       3
       3
       1
       4
       1
       3
       3
       1
       1
       3
       1
       1
       8
       7
       4
       2
       2
       4
       3
       2
       6
       2
       6
       6
       4
       9
       9
       6
       6
       6
       3
       2
       6
       4
       2
       6
       6
       4
       3
       7
       7
       3
       2
       4
       6
       2
       5
       3
       5
       4
       5
       2
       1
       1
       1
       2
       0
       3
       7
       3
       1
       3
       1
       3
       2
       1
       3
       4
       2
       4
       0
       1
       3
       2
       1
       1
       1
       1
       1
       2
       1
       1
       0
       2
       1
       0
       0
       0
       1
       3
       1
       0
       0
       0
       1
       1
       1
       0
       0
       0
       0
       0
       1
       0
       0
       0
       1
       0
       1
       0
       2
       1
       0
       0
       1
       0
       1
       0
       0
       0
       0
       2
       0
       1
       0
       1
       0
       2
       2
       0
       0
       0
       0
       0
       1
       1
       0
       0
       0
       0
       0
       2
       2
       0
       0
       1
       0
       0
       2
       0
       0
       0
       1
       2
       1
       3
       0
       0
       4
       1
       4
       1
       1
       2
       1
       0
       3
       1
       1
       2
       0
       0
       0
       1
       0
       0
       4
       1
       0
       0
       1
       1
       0
       0
       0
       0
       1
       0
       0
       0
       0
       1
       0
       0
       1
       2
       0
       1
       1
       1
       1
       1
       0
       0
       1
       2
       1
       1
       1
       1
       0
       0
       0
       1
       1
       2
       0
       0
       1
       0
       0
       0
       1
       0
       1
       0
       0
       1
       1
       0
       0
       0
       0
       0
       0
       0
       0
       0
       0
       1
       0
       0
       0
       0
       0
       0
       1
       0
       0
       0
       0
       0
       1
       1
       0
       0
       0
       0
       0
       1
       0
       1
       2
       2
       0
       1
       0
       1
       0
       0
       0
       1
       1
       0
       0
       0
       0
       0
       1
       0
       0
       0
       0
       0
       1
       0
       0
       0
       0
       0
       0
       0
       0
       0
       0
       1
       2
       0
       0
       0
       0
       0
       0
       0
       0
       2
       0
       0
       0
       1
       1
       0
       0
       1
       0
       0
       0
       0
       1
       0
       0
       0
       1
       1
       0
       0
       0
       1
       1
       0
       2
       1
       0
       0
       0
       0
       1
       0
       1
       1
       0
       2
       0
       0
       0
       0
       1
       1
       0
       0
       0
       0
       1
       0
       1
       0
       0
       0
       1
       1
       0
       0
       0
       1
       0
       0
       0
       0
       0
       0
       0
       0
       0
       0
       0
       0
       0
       1
       1
       0
       1
       1
       1
       0
       0
       0
       0
       0
       0
       1
       0
       0
       0
       0
       0
       0
       0
       0
       0
       1
       0
       0
       0
       0
       0
       0
       0
       0
       0
       0
       0
       0
       0
       0
       0
       1
       0
       0
       0
       0
       0
       0
       0
       1
       0
       0
       0
       0
       0
       0
       0
       1
       0
       0
       0
       0
       1
       0
       0
$ROI:
0
$PRESETS:
None
0
0
$ENER_FIT:
0.000000 2.205567
$MCA_CAL:
3
0.000000E+000 2.205567E+000 0.000000E+000 keV
$SHAPE_CAL:
3
0.000000E+000 0.000000E+000 0.000000E+000
