$SPEC_ID:
No sample description was entered.
$SPEC_REM:
DET# 2
DETDESC# SPACESCIENCE8 digiBASE-RH SN 15121449
AP# Maestro Version 7.01
$DATE_MEA:
11/03/2025 15:30:15
$MEAS_TIM:
79 80
$DATA:
0 1023
       0
       0
       0
       0
       0
       0
       0
       0
       0
       0
     101
     887
    1105
     916
     788
     634
     499
     395
     343
     262
     273
     240
     227
     262
     253
     260
     271
     263
     239
     274
     292
     298
     283
     262
     257
     255
     251
     256
     282
     281
     312
     280
     300
     288
     283
     278
     300
     279
     298
     276
     307
     274
     297
     266
     286
     288
     277
     278
     298
     278
     272
     310
     288
     285
     303
     292
     312
     343
     297
     291
     354
     338
     343
     345
     347
     351
     376
     376
     383
     369
     354
     360
     373
     349
     350
     361
     368
     398
     365
     330
     345
     330
     335
     314
     305
     317
     329
     335
     327
     309
     303
     336
     299
     319
     311
     316
     313
     286
     270
     301
     293
     297
     293
     257
     258
     262
     264
     268
     256
     271
     281
     264
     271
     231
     239
     255
     250
     257
     255
     235
     246
     197
     231
     215
     222
     219
     196
     185
     193
     205
     195
     194
     225
     178
     181
     170
     179
     181
     176
     201
     159
     179
     183
     208
     187
     212
     161
     180
     162
     170
     161
     166
     135
     140
     127
     170
     156
     157
     154
     143
     144
     150
     146
     128
     162
     135
     122
     142
     138
     121
     145
     126
     120
     126
     113
     104
     142
     127
     114
     115
     113
      98
      88
     116
     110
      89
      95
      99
      91
      96
     100
      77
      64
      75
      80
      73
      73
      62
      69
      67
      66
      78
      64
      54
      57
      65
      46
      38
      47
      45
      40
      43
      44
      45
      62
      38
      40
      54
      53
      58
      63
      63
      64
      62
      65
      79
      55
      74
      77
      82
      93
     104
     122
     117
     155
     150
     153
     192
     206
     224
     246
     320
     323
     377
     385
     437
     507
     558
     567
     659
     673
     804
     823
     859
     915
     999
    1105
    1175
    1229
    1204
    1356
    1338
    1407
    1503
    1531
    1499
    1567
    1523
    1586
    1478
    1533
    1564
    1502
    1513
    1454
    1338
    1369
    1228
    1216
    1172
    1054
    1113
    1018
     935
     880
     856
     790
     690
     625
     612
     557
     491
     423
     384
     375
     318
     264
     237
     197
     172
     159
     133
     108
     106
      84
      76
      60
      64
      51
      27
      23
      34
      22
      23
      18
      14
      11
       6
      12
       7
       4
       2
       5
       6
       6
       2
       2
       8
       4
       4
       6
       2
       2
       6
       4
       6
       4
       4
       7
       1
       5
       3
       3
       5
       5
       1
       2
       2
       3
       0
       1
       3
       6
       3
       2
       3
       2
       1
       2
       2
       4
       1
       2
       3
       1
       1
       3
       0
       4
       6
       4
       5
       3
       3
       2
       3
       1
       2
       4
       4
       0
       2
       2
       3
       1
       3
       4
       3
       5
       0
       0
       0
       3
       2
       3
       0
       2
       4
       2
       1
       2
       2
       1
       3
       1
       1
       3
       5
       3
       1
       2
       1
       3
       3
       1
       3
       2
       1
       4
       2
       0
       5
       2
       4
       1
       2
       6
       2
       3
       1
       1
       3
       0
       1
       2
       1
       0
       4
       2
       0
       3
       4
       2
       0
       3
       1
       0
       2
       2
       3
       3
       1
       1
       0
       2
       0
       2
       3
       1
       3
       2
       1
       1
       1
       0
       1
       5
       2
       2
       2
       2
       1
       3
       3
       0
       0
       1
       1
       2
       3
       0
       2
       4
       2
       3
       4
       3
       2
       2
       1
       2
       0
       4
       1
       1
       3
       2
       2
       2
       2
       2
       2
       1
       0
       1
       2
       1
       2
       1
       1
       0
       1
       0
       1
       2
       2
       1
       3
       0
       2
       1
       1
       2
       2
       1
       3
       3
       3
       1
       0
       1
       2
       2
       0
       1
       0
       0
       2
       0
       0
       2
       1
       1
       4
       0
       0
       0
       0
       2
       2
       0
       1
       1
       1
       1
       1
       0
       2
       2
       3
       3
       1
       0
       1
       2
       1
       1
       1
       0
       0
       1
       1
       1
       2
       1
       2
       1
       3
       4
       3
       1
       1
       2
       1
       2
       1
       3
       3
       2
       3
       4
       3
       7
       3
       3
       7
       1
       3
       1
       1
       4
       3
       3
       4
       3
       0
       3
       4
       4
       2
       4
       1
       4
       4
       4
       0
       2
       0
       5
       2
       2
       3
       2
       2
       3
       0
       2
       0
       1
       3
       3
       4
       3
       2
       3
       2
       3
       1
       0
       0
       2
       0
       1
       1
       0
       1
       0
       1
       0
       0
       2
       0
       1
       1
       0
       0
       0
       1
       0
       1
       0
       1
       0
       0
       0
       0
       0
       1
       1
       0
       0
       1
       0
       1
       0
       1
       1
       0
       0
       0
       1
       2
       1
       0
       0
       0
       0
       0
       0
       1
       0
       0
       1
       0
       0
       1
       1
       0
       0
       2
       0
       0
       1
       0
       0
       0
       1
       0
       1
       0
       1
       0
       0
       1
       0
       0
       0
       0
       0
       1
       0
       0
       0
       0
       0
       0
       0
       0
       1
       2
       0
       2
       0
       0
       0
       0
       0
       1
       0
       1
       2
       0
       0
       0
       0
       0
       1
       2
       1
       1
       0
       0
       0
       0
       0
       0
       0
       1
       0
       1
       0
       0
       0
       0
       0
       0
       0
       1
       0
       0
       0
       0
       0
       0
       0
       0
       0
       1
       1
       0
       0
       0
       0
       0
       0
       0
       0
       0
       1
       1
       0
       0
       0
       0
       0
       0
       1
       0
       0
       0
       2
       0
       0
       0
       2
       0
       0
       0
       0
       0
       0
       0
       0
       0
       0
       0
       0
       0
       1
       0
       0
       0
       2
       0
       0
       0
       0
       0
       0
       1
       2
       0
       0
       1
       1
       0
       0
       0
       0
       0
       0
       1
       0
       0
       0
       0
       0
       0
       0
       0
       0
       0
       0
       0
       0
       0
       0
       0
       0
       0
       1
       0
       0
       0
       0
       0
       1
       0
       0
       1
       0
       0
       0
       1
       1
       1
       0
       1
       0
       0
       0
       0
       1
       0
       1
       0
       0
       0
       1
       1
       0
       0
       1
       1
       0
       1
       0
       1
       0
       0
       0
       0
       0
       1
       0
       0
       0
       0
       1
       0
       0
       0
       0
       0
       0
       0
       0
       0
       0
       0
       0
       1
       0
       0
       0
       0
       0
       1
       0
       0
       0
       0
       0
       0
       0
       0
       0
       0
       0
       0
       1
       0
       3
       0
       0
       0
       0
       0
       0
       0
       0
       0
       1
       0
       1
       0
       0
       0
       0
       0
       0
       0
       0
       1
       0
       0
       0
       0
       0
       0
       0
       0
       0
       0
       0
       0
       0
       0
       0
       0
       0
       0
       0
       0
       0
       0
       0
       0
       0
       0
       0
       0
       0
       0
       0
       0
       0
       0
       0
       1
       0
       0
       1
       0
       0
       0
       0
       1
       0
       0
       0
       0
       0
       0
$ROI:
0
$PRESETS:
None
0
0
$ENER_FIT:
0.000000 2.205567
$MCA_CAL:
3
0.000000E+000 2.205567E+000 0.000000E+000 keV
$SHAPE_CAL:
3
0.000000E+000 0.000000E+000 0.000000E+000
