$SPEC_ID:
No sample description was entered.
$SPEC_REM:
DET# 2
DETDESC# SPACESCIENCE8 digiBASE-RH SN 15121449
AP# Maestro Version 7.01
$DATE_MEA:
11/03/2025 15:18:50
$MEAS_TIM:
221 221
$DATA:
0 1023
       0
       0
       0
       0
       0
       0
       0
       0
       0
       0
      13
      58
      80
      81
      74
     106
     107
     104
     143
     135
     143
     173
     178
     192
     201
     171
     210
     212
     213
     239
     216
     247
     244
     212
     229
     206
     227
     219
     239
     217
     222
     223
     193
     194
     178
     171
     182
     150
     194
     159
     166
     161
     124
     142
     128
     141
     137
     117
     132
     134
     123
     138
     116
     118
     134
     129
     113
     138
     130
     107
     106
     110
     117
     104
     109
     115
     101
     118
     100
      91
      96
      87
      85
      93
     103
     101
      88
      92
      84
      81
     104
      66
      85
      78
      74
      73
      86
      73
      88
      71
      80
      63
      73
      77
      65
      58
      62
      57
      77
      74
      62
      55
      70
      48
      62
      63
      66
      52
      42
      53
      57
      48
      49
      41
      42
      42
      42
      29
      41
      45
      53
      44
      36
      44
      39
      42
      45
      44
      51
      42
      38
      24
      34
      38
      43
      36
      30
      39
      36
      36
      27
      39
      31
      29
      39
      29
      23
      37
      28
      34
      33
      26
      35
      32
      26
      27
      19
      18
      30
      30
      26
      28
      23
      16
      25
      24
      27
      17
      18
      27
      20
      20
      19
      27
      26
      27
      19
      18
      26
      29
      23
      22
      20
      15
      23
      25
      18
      19
      26
      22
      15
      24
      17
      15
      24
      15
      23
       4
      15
      15
      26
      24
      14
      17
      26
      18
      19
      10
      16
      23
       5
      20
      18
      18
      19
      18
      14
      21
      17
      26
      12
      15
      22
      18
      18
      25
      21
      22
      22
      13
      11
      14
      14
      21
      15
      16
      20
      20
      22
      17
      21
      16
      22
      18
      21
      13
      24
      21
      18
      28
      22
      19
      19
      23
      21
      21
      24
      15
      33
      20
      23
      32
      22
      21
      24
      19
      27
      21
      23
      20
      25
      21
      24
      22
      22
      14
      20
      23
      23
      19
      16
      13
      18
      12
      12
      15
      13
      11
       8
      11
       8
      12
      12
      14
       7
      12
      13
      10
       7
      12
       9
       4
       9
      10
       5
       7
       4
      10
       4
      12
      10
       5
      12
       4
      11
      10
       9
       3
      11
       4
       8
       6
       5
      11
      13
       7
       9
       5
       9
       7
       6
       4
       2
       5
       6
       9
       4
      10
       8
       3
       9
       7
      10
       4
       7
       5
       6
       2
       6
       9
       2
      10
      10
      10
       5
       6
       6
       5
       7
       4
       8
       8
       5
       7
      10
      10
       8
       5
       6
       9
       7
       9
       2
       5
       6
       7
       7
       4
       9
       1
       6
       5
       9
      10
       9
       8
       5
       5
       5
       2
       7
       6
       7
       5
       8
      12
      12
       8
       6
      11
       1
       5
      10
       7
       7
       5
       5
       2
       6
       4
       7
      10
       7
       1
       8
       6
       3
       7
       6
       7
       5
       3
       5
       6
       7
       4
       5
       4
       5
       5
       5
       5
       1
       3
       4
       4
       4
       8
       4
       1
       6
       2
       4
       2
       5
       3
       2
       5
       2
       6
       6
       7
       2
       8
       4
       5
       8
       5
       1
       5
       2
       0
       5
       6
       4
       5
       4
       6
       3
       8
       4
       1
       4
       6
       1
       7
       4
       2
       2
       4
       6
       4
       2
       6
       3
       2
       3
       5
       1
       5
       2
       8
       5
       5
       6
       4
       5
       3
       6
       1
       5
       1
       2
      12
       3
       4
       4
       1
       4
       5
       5
       2
       2
       5
       5
       3
       5
       3
       6
       3
       2
       6
       4
       2
       1
       4
       2
       1
       2
       3
       4
       3
       4
       2
       2
       2
       3
       3
       4
       3
       4
       1
       2
       0
       0
       2
       3
       2
       2
       1
       0
       3
       3
       3
       1
       1
       3
       3
       1
       3
       4
       4
       3
       0
       0
       2
       3
       2
       7
       2
       5
       2
       4
       0
       2
       6
       3
       4
       4
       4
       3
       3
       3
       3
       2
       6
       7
       9
       5
       8
       6
      11
       6
       4
       4
      10
       9
       9
       6
       6
       3
       7
      14
      12
       2
       8
       7
       9
       2
       8
       7
       9
       7
      10
       5
       9
       5
      12
       4
      11
       4
       3
       7
       8
       6
       8
       7
       7
       6
       5
      11
       3
       4
       4
       3
       5
       6
       5
       3
       2
       2
       2
       1
       2
       0
       1
       2
       3
       3
       4
       2
       4
       1
       0
       1
       0
       3
       2
       1
       1
       3
       1
       1
       3
       8
       0
       0
       0
       3
       0
       0
       0
       2
       0
       5
       1
       2
       1
       0
       2
       0
       0
       1
       1
       2
       2
       2
       0
       2
       1
       1
       3
       0
       1
       0
       1
       1
       2
       1
       3
       0
       1
       1
       1
       0
       0
       1
       0
       0
       3
       1
       1
       0
       1
       0
       1
       1
       2
       0
       0
       2
       3
       2
       3
       4
       3
       3
       3
       3
       0
       3
       1
       2
       1
       1
       0
       0
       3
       1
       0
       1
       4
       0
       1
       2
       1
       1
       2
       0
       1
       2
       1
       0
       1
       0
       1
       1
       1
       1
       2
       1
       5
       3
       1
       0
       2
       1
       2
       3
       1
       2
       1
       0
       2
       2
       3
       0
       0
       2
       0
       1
       1
       0
       1
       1
       0
       4
       2
       2
       1
       0
       0
       0
       0
       1
       0
       1
       1
       0
       0
       0
       0
       1
       0
       1
       0
       0
       1
       1
       0
       0
       1
       0
       0
       0
       1
       0
       0
       0
       0
       1
       0
       0
       0
       0
       0
       1
       0
       0
       0
       0
       0
       0
       1
       0
       0
       0
       1
       0
       1
       0
       0
       0
       1
       0
       0
       0
       0
       0
       0
       1
       0
       1
       0
       1
       0
       0
       1
       0
       0
       1
       0
       3
       0
       1
       0
       0
       0
       0
       0
       0
       0
       0
       0
       0
       0
       0
       1
       0
       1
       0
       1
       3
       1
       0
       1
       1
       0
       1
       0
       0
       1
       1
       1
       0
       1
       0
       0
       2
       2
       0
       1
       1
       1
       2
       0
       0
       0
       0
       0
       2
       3
       0
       0
       3
       0
       2
       0
       0
       1
       1
       1
       0
       0
       1
       0
       1
       1
       1
       3
       0
       1
       0
       1
       1
       0
       0
       0
       1
       1
       1
       0
       0
       0
       3
       0
       0
       0
       2
       1
       1
       2
       1
       0
       1
       0
       0
       1
       1
       1
       1
       0
       0
       0
       0
       0
       1
       0
       1
       0
       2
       1
       0
       0
       0
       0
       2
       0
       0
       1
       1
       1
       0
       0
       0
       1
       0
       0
       0
       0
       0
       0
       0
       0
       0
       0
       0
       0
       0
       1
       1
       0
       0
       0
       0
       0
       0
       0
       0
       1
       1
       0
       2
       0
$ROI:
0
$PRESETS:
None
0
0
$ENER_FIT:
0.000000 2.205567
$MCA_CAL:
3
0.000000E+000 2.205567E+000 0.000000E+000 keV
$SHAPE_CAL:
3
0.000000E+000 0.000000E+000 0.000000E+000
