$SPEC_ID:
No sample description was entered.
$SPEC_REM:
DET# 1
DETDESC# SPACESCIENCE4 digiBASE-RH SN 15121435
AP# Maestro Version 7.01
$DATE_MEA:
11/03/2025 14:36:47
$MEAS_TIM:
308 309
$DATA:
0 1023
       0
       0
       0
       0
       0
       0
       0
       0
       0
       0
       0
       0
       0
       0
       0
       5
      65
     115
      98
      91
      92
      80
      73
     107
      87
     101
     121
     113
     125
     140
     172
     180
     195
     195
     201
     232
     225
     200
     227
     208
     225
     231
     212
     221
     231
     210
     202
     224
     202
     219
     228
     234
     200
     249
     214
     206
     225
     201
     201
     216
     181
     197
     186
     186
     157
     189
     177
     161
     185
     188
     163
     143
     163
     169
     151
     156
     170
     141
     137
     136
     128
     132
     141
     131
     116
     125
     128
     138
     101
     115
     120
     112
     105
      96
     108
     118
     100
      95
     110
      82
     105
     105
     105
      77
      78
      77
      70
      88
      70
      78
      74
      90
      90
      78
      70
      69
      74
      87
      74
      71
      62
      59
      62
      53
      61
      63
      65
      65
      48
      62
      42
      56
      64
      56
      46
      50
      49
      46
      42
      47
      47
      54
      43
      47
      40
      45
      38
      34
      29
      28
      33
      32
      33
      31
      44
      32
      26
      29
      37
      34
      36
      28
      30
      41
      44
      32
      23
      30
      28
      33
      24
      22
      19
      27
      27
      20
      21
      25
      24
      26
      21
      19
      25
      23
      23
      17
      21
      14
      31
      25
      22
      16
      21
      16
      22
      22
      21
      24
      17
      20
      21
      18
      29
      18
      22
      11
      24
      20
      15
      25
      20
      24
      19
      17
       9
      22
      22
      17
      19
      13
      14
      28
      11
      14
      21
      17
      16
      16
      20
      14
      11
      20
      10
      13
      24
      18
      11
      15
      21
      16
      17
      16
      14
       8
      15
      20
      16
      12
      16
      20
      12
      16
      14
      12
      20
      18
      20
      16
      17
      11
      19
      20
      20
       9
      18
      16
      16
      19
      12
      10
      20
      20
      12
       5
      14
      12
       8
      13
      15
       6
      14
      17
      23
      13
       5
      11
      10
      14
      14
      16
      11
       9
       3
       6
      11
      13
      13
       8
      13
      13
       7
       6
      15
       6
      17
      12
      10
      11
      18
       8
      17
       8
      12
       5
       6
      10
      17
      13
       5
       6
       9
      10
      14
       6
      14
       8
       6
      10
      10
       7
      12
       8
      10
       8
      10
       4
       3
       7
       7
       6
       8
      12
      10
      10
       4
       8
      11
      13
      12
      11
       4
      14
      12
       4
       9
      11
       8
       7
      10
       7
      10
       6
       9
       5
       5
       9
      18
       7
       2
      10
      13
       8
      12
      12
      13
       7
       5
       9
      13
       9
       5
       7
      14
      10
       9
       4
       9
      11
       7
      15
       5
       8
       6
       7
       5
      13
      15
       9
       8
       6
       7
      12
       9
       7
       8
       7
       8
       8
       5
      12
       8
       8
       4
       6
      10
      10
       2
       7
       7
       3
       5
       7
       4
       5
       5
       7
       8
       8
       5
       4
       7
       9
       6
       4
       6
       2
       4
      10
      10
       3
       6
       2
       6
      12
      15
       9
       6
       6
       9
       1
       7
       7
       9
       5
       6
       7
       6
      11
       7
       5
       6
       7
       4
       8
       8
       6
       4
       7
       3
       8
      10
      10
       9
       1
       5
       6
      10
       6
       7
       5
       6
       7
       7
       8
       8
       8
       9
      12
      12
       6
       7
       7
       4
       8
       8
       6
      11
       5
       8
       7
      11
       8
       7
      15
       4
      10
       9
      15
       3
       8
       7
       7
      10
       5
       4
       5
       4
       6
       5
      12
       1
       9
       8
       5
       7
       3
       4
       7
       3
       6
       1
       5
       3
       5
       6
       6
       4
       4
       5
       6
       2
       8
       8
       7
       2
       7
       8
      10
       7
      10
       9
       8
       8
       5
      10
       6
       8
       7
       5
       1
       4
       8
       4
       8
       5
       4
       5
       2
       6
       9
       9
       6
       8
       4
       7
       7
       2
       3
       5
       5
       5
       5
       7
      12
       5
       5
       5
       8
       1
       2
       7
       5
       5
       8
       3
       4
       7
       5
       4
       6
       5
       4
       0
       4
       4
       5
       5
       4
       3
       3
      10
       6
       2
       8
       5
       3
       1
       7
       4
       7
       4
       5
       3
       7
       3
       3
       2
       3
       2
       2
       5
       2
       3
       1
       4
       0
       2
       1
       2
       3
       2
       1
       4
       2
       0
       2
       4
       2
       5
       1
       0
       1
       4
       3
       1
       3
       1
       3
       2
       2
       1
       1
       1
       1
       3
       2
       2
       0
       2
       0
       2
       0
       1
       1
       3
       3
       0
       4
       0
       1
       2
       2
       0
       2
       0
       0
       2
       2
       1
       0
       0
       0
       2
       0
       2
       1
       2
       1
       1
       1
       1
       2
       0
       0
       1
       0
       0
       1
       0
       0
       2
       2
       1
       2
       1
       0
       0
       1
       0
       0
       3
       2
       0
       0
       0
       1
       0
       3
       1
       1
       0
       1
       0
       0
       1
       0
       0
       2
       0
       0
       0
       0
       0
       1
       0
       0
       0
       0
       1
       1
       1
       0
       1
       1
       1
       3
       1
       1
       1
       0
       1
       0
       0
       0
       2
       1
       2
       0
       0
       0
       0
       2
       1
       0
       0
       1
       0
       0
       0
       2
       1
       0
       1
       2
       0
       0
       1
       0
       0
       0
       0
       0
       1
       0
       1
       0
       0
       0
       0
       1
       0
       0
       0
       1
       0
       0
       1
       0
       0
       1
       0
       0
       0
       2
       0
       0
       0
       0
       0
       2
       0
       0
       1
       0
       0
       0
       0
       0
       1
       0
       2
       0
       0
       1
       0
       0
       0
       1
       0
       0
       0
       1
       0
       0
       0
       2
       2
       1
       0
       2
       0
       0
       1
       0
       0
       0
       0
       1
       0
       1
       0
       0
       0
       0
       1
       0
       1
       2
       1
       0
       0
       0
       1
       0
       0
       0
       0
       0
       1
       0
       0
       1
       2
       0
       0
       0
       0
       0
       0
       0
       1
       0
       0
       0
       0
       0
       1
       1
       0
       0
       0
       1
       0
       0
       0
       1
       0
       0
       1
       0
       2
       0
       1
       2
       0
       1
       0
       0
       0
       0
       0
       0
       1
       0
       0
       1
       0
       2
       0
       0
       1
       1
       2
       0
       1
       0
       1
       0
       1
       1
       0
       1
       0
       0
       0
       0
       0
       0
       0
       1
       0
       0
       1
       2
       1
       0
       0
       1
       1
       0
       0
       0
       1
       0
       0
       0
       0
       0
       0
       0
       0
       1
       0
       0
       0
       0
       0
       0
       0
       2
       0
       2
       0
       0
       0
       0
       0
       0
       0
       1
       1
       1
       2
       0
       0
       1
       0
       1
       0
       0
       0
       0
       0
       0
       0
       0
       0
       0
       0
       0
       0
       0
       0
       0
       0
       0
       0
       0
       0
       1
       0
       0
       0
       1
$ROI:
0
$PRESETS:
None
0
0
$ENER_FIT:
-10.130505 2.230151
$MCA_CAL:
3
-1.013050E+001 2.230151E+000 -7.695740E-005 keV
$SHAPE_CAL:
3
6.128848E+000 7.994157E-002 -1.373380E-004
