$SPEC_ID:
No sample description was entered.
$SPEC_REM:
DET# 2
DETDESC# SPACESCIENCE8 digiBASE-RH SN 15121449
AP# Maestro Version 7.01
$DATE_MEA:
11/03/2025 15:08:09
$MEAS_TIM:
296 297
$DATA:
0 1023
       0
       0
       0
       0
       0
       0
       0
       0
       0
       0
     427
    3977
    5334
    6449
    8048
   10667
   14301
   18089
   22740
   26790
   30056
   32541
   33603
   32691
   30539
   27614
   23413
   19250
   14946
   11216
    8257
    5632
    3803
    2655
    1772
    1212
     785
     613
     486
     393
     339
     339
     295
     318
     310
     290
     239
     230
     238
     238
     215
     239
     211
     239
     183
     204
     205
     171
     188
     160
     169
     183
     180
     165
     160
     165
     149
     171
     156
     143
     147
     144
     149
     135
     139
     132
     102
     109
     113
     142
     138
     125
     116
     131
     121
     115
     124
     128
     122
     106
     119
     106
      96
     106
     104
      92
     102
     104
     115
      89
      94
      92
      98
      77
      99
     102
     102
      79
      89
      74
      70
      79
      69
      78
      68
      73
      78
      56
      68
      70
      70
      61
      68
      63
      69
      62
      65
      72
      66
      68
      65
      58
      49
      60
      64
      53
      59
      57
      68
      54
      56
      53
      39
      55
      54
      52
      46
      58
      42
      41
      47
      44
      41
      35
      51
      37
      36
      46
      32
      35
      37
      45
      34
      42
      43
      39
      33
      33
      44
      38
      39
      31
      35
      33
      25
      27
      25
      30
      29
      28
      24
      36
      26
      35
      28
      28
      33
      29
      22
      31
      38
      24
      34
      21
      29
      24
      27
      24
      24
      24
      34
      14
      27
      35
      26
      25
      26
      21
      28
      19
      30
      25
      18
      24
      18
      22
      19
      17
      20
      21
      16
      19
      28
      17
      20
      22
      19
      27
      19
      19
      21
      24
      29
      27
      21
      24
      29
      19
      20
      27
      26
      26
      25
      21
      23
      22
      21
      22
      27
      17
      24
      25
      27
      25
      26
      24
      29
      27
      25
      40
      33
      29
      21
      24
      31
      21
      29
      32
      32
      21
      30
      20
      34
      31
      20
      27
      22
      24
      30
      34
      31
      31
      26
      27
      24
      24
      30
      17
      19
      22
      21
      31
      19
      23
      26
      22
      19
      17
      26
      21
      15
      20
      14
      16
      17
      16
      13
      16
      19
      10
       9
       5
      10
      15
       9
      12
       7
       8
       7
      11
       9
      11
      15
       6
      10
       5
      20
       8
       6
      10
      15
       9
       8
       7
      10
       5
       8
      11
      11
      14
      12
      13
      11
      14
      13
      14
      10
       8
      11
       7
       3
       8
       4
       9
      12
       5
       6
       5
       9
      12
      15
       9
      11
       4
       7
      10
       8
       9
       5
      10
       7
      11
      12
      11
       9
       6
      10
       7
       6
       9
      14
       6
      15
       6
       5
       7
       7
      11
       8
       9
       4
      12
       6
      10
       9
       8
       9
       4
       7
      10
       2
      10
       5
       5
      12
      13
       9
       7
       8
      13
       7
      10
       2
       6
       3
       3
       7
       6
       7
       9
       7
      11
       8
       4
       8
       2
       5
       7
       3
      11
       4
       9
       7
       5
       5
       3
       7
       6
       2
       7
       6
       6
       5
       5
       8
       6
       4
      10
       4
       4
       8
       3
       4
      10
       5
       3
       6
       7
       9
       6
       5
       2
       4
      10
       9
       6
       9
       6
       5
       5
       7
       1
       2
       9
       1
       7
       5
       4
       8
       7
       5
       4
       7
       8
       7
       4
       8
       8
       6
       7
       5
       5
       7
       3
       6
       6
       8
       6
       2
       2
       7
      12
       7
       1
       7
       5
       6
       4
       5
       7
       2
       6
       2
       2
       5
       7
       5
       6
       5
       4
       4
       4
       3
       5
      11
       3
       4
       7
       6
       5
       7
       4
       2
       7
       6
       3
       4
       2
      10
       4
       3
       3
       6
       9
       4
       2
       5
       2
       2
       3
       5
       1
       3
       3
       2
       2
       2
       2
       2
       3
       7
       5
       5
       3
       4
       4
       6
       4
       2
       4
       3
       5
       4
       5
       2
       0
       7
       3
       4
      10
       2
       6
       3
      10
       8
       6
       6
       5
       6
       7
       6
       5
       9
       3
       1
       9
      11
       6
       6
       7
       8
       5
       6
       6
      14
      14
       7
       6
      12
      14
       9
       6
      10
      12
      14
      10
       8
      10
       8
       7
       8
      10
       6
      11
      12
      11
      13
      12
       8
      10
      13
       9
      11
      12
      10
       3
      12
      11
      10
       7
       8
       6
       6
       8
       8
       8
       4
      10
      11
       5
       9
       7
       7
       9
       3
       3
       2
       4
       2
       4
       2
       6
       4
       7
       3
       2
       3
       2
       3
       2
       2
       0
       3
       4
       4
       1
       3
       2
       1
       3
       1
       0
       3
       3
       4
       4
       2
       0
       2
       1
       0
       0
       1
       1
       4
       0
       1
       2
       1
       1
       1
       1
       1
       2
       1
       2
       2
       2
       1
       3
       1
       0
       4
       0
       1
       1
       1
       1
       2
       2
       6
       3
       3
       2
       4
       2
       3
       3
       1
       1
       2
       0
       1
       1
       0
       4
       2
       1
       2
       2
       1
       0
       3
       4
       1
       1
       2
       1
       1
       2
       1
       1
       3
       0
       2
       1
       0
       5
       3
       2
       1
       1
       3
       2
       0
       5
       0
       1
       4
       1
       3
       1
       3
       3
       4
       3
       1
       2
       4
       0
       1
       3
       2
       0
       1
       1
       4
       2
       2
       6
       0
       2
       2
       3
       1
       0
       1
       1
       0
       1
       0
       1
       0
       2
       0
       0
       0
       2
       0
       0
       1
       1
       0
       0
       1
       1
       1
       0
       1
       0
       0
       2
       0
       1
       2
       1
       0
       1
       1
       1
       1
       2
       0
       0
       0
       0
       2
       0
       1
       1
       0
       1
       0
       1
       0
       1
       1
       0
       1
       0
       1
       3
       1
       1
       1
       0
       0
       1
       0
       1
       0
       0
       0
       0
       1
       0
       0
       0
       1
       0
       1
       0
       1
       0
       3
       1
       3
       1
       0
       0
       0
       2
       0
       0
       0
       5
       1
       0
       2
       1
       1
       0
       0
       0
       1
       1
       1
       2
       0
       1
       1
       0
       2
       1
       0
       0
       1
       1
       2
       1
       1
       0
       1
       2
       3
       0
       0
       1
       0
       0
       0
       1
       1
       0
       0
       0
       4
       0
       2
       1
       1
       0
       0
       1
       0
       2
       0
       0
       1
       1
       1
       1
       1
       0
       1
       0
       2
       0
       1
       0
       0
       1
       1
       0
       3
       0
       0
       2
       0
       1
       0
       2
       0
       0
       0
       2
       1
       1
       1
       0
       0
       0
       0
       0
       0
       0
       1
       1
       0
       0
       1
       0
       0
       2
       1
       0
       0
       2
       1
       0
       1
       1
       0
       0
       1
       0
       0
       0
       1
       0
       0
       0
       0
       0
       0
       1
       1
       1
       0
       0
       0
       2
       0
       0
       1
       1
       1
       0
       0
       0
       0
       0
       1
       0
$ROI:
0
$PRESETS:
None
0
0
$ENER_FIT:
0.000000 2.205567
$MCA_CAL:
3
0.000000E+000 2.205567E+000 0.000000E+000 keV
$SHAPE_CAL:
3
0.000000E+000 0.000000E+000 0.000000E+000
