$SPEC_ID:
No sample description was entered.
$SPEC_REM:
DET# 1
DETDESC# SPACESCIENCE4 digiBASE-RH SN 15121435
AP# Maestro Version 7.01
$DATE_MEA:
11/03/2025 14:59:42
$MEAS_TIM:
298 299
$DATA:
0 1023
       0
       0
       0
       0
       0
       0
       0
       0
       0
       0
       0
       0
       0
       0
       0
     223
    3883
    5873
    4452
    3654
    3418
    3772
    4912
    6457
    8484
   10564
   12800
   14418
   15636
   15371
   14867
   12860
   10811
    8688
    6151
    4383
    2958
    1909
    1225
     771
     535
     360
     303
     310
     274
     259
     252
     252
     239
     224
     254
     220
     232
     211
     220
     215
     204
     180
     186
     203
     197
     172
     183
     176
     178
     169
     149
     184
     137
     156
     135
     155
     165
     129
     135
     133
     135
     114
     136
     109
     108
     127
     140
     111
      96
     124
     123
     105
      88
     111
     110
     104
      92
      98
      92
      88
      80
      76
     100
      89
      74
      79
      76
      79
      70
      66
      71
      70
      55
      70
      78
      75
      67
      70
      58
      55
      55
      57
      52
      67
      53
      47
      63
      55
      58
      43
      40
      49
      47
      46
      61
      41
      43
      64
      34
      39
      44
      52
      40
      50
      42
      38
      46
      41
      35
      36
      31
      36
      32
      31
      47
      35
      23
      31
      35
      34
      25
      36
      27
      28
      39
      21
      28
      35
      17
      33
      22
      36
      18
      29
      29
      20
      17
      21
      21
      23
      22
      19
      14
      22
      19
      10
      14
      14
      17
      12
      12
      14
      24
      15
      24
      18
      19
      12
      12
      19
      18
      14
      16
      19
      14
      14
      10
      12
      17
      17
      12
      17
      20
      12
      18
      19
      13
      12
      16
       9
      15
      17
      14
      18
      17
      11
       6
       8
      17
      13
      11
      18
      11
      10
      12
       8
      20
      10
      14
      10
      10
      12
      17
      13
      13
       9
      11
      10
       7
       3
      12
       8
      13
       7
      10
      10
      14
      12
      10
      11
      10
      12
      22
      12
      12
       8
      13
      11
       7
      11
      12
      12
       7
      13
      11
      14
      11
       7
      11
      10
      14
      10
       5
       9
      11
       8
       7
      11
      10
       5
      11
      11
       8
       9
      12
       6
       9
      12
       8
       7
       8
       1
       5
       7
       5
      10
      10
       4
       9
       5
       7
       4
       4
       8
       3
       9
       7
       4
       6
       7
       5
       6
       8
       3
       8
       5
       6
       7
      10
       5
       3
      12
       3
       2
       7
       3
      13
       4
       3
       2
       5
       9
       5
       3
       5
       5
       1
       5
       6
       1
       6
       7
       2
       2
       5
       3
       8
       5
       3
       6
       6
       5
       6
       5
       2
       5
       6
       5
       5
       5
       8
       6
       8
       5
       4
       6
       3
       2
       4
       6
       1
       3
       8
       5
       5
       3
       3
       3
       6
       5
       6
       3
       3
       3
       4
       2
       4
       1
       1
       2
       1
       3
       4
       4
       5
       3
       2
       4
       3
       3
       3
       5
       6
       3
       6
       7
       7
       5
       5
       4
       3
       3
       3
       2
       1
       2
       2
       7
       3
       6
       5
       4
       4
       4
       2
       5
       2
      11
       4
       3
       2
       3
       3
       1
       1
       2
       9
       3
       2
       6
       7
       3
       5
       7
       1
       4
       1
       1
       3
       7
       3
       5
       4
       3
       4
       4
       8
       3
       1
       2
       3
       3
       5
       1
       5
       5
       2
       7
       2
       4
       2
       0
       1
       1
       2
       2
       4
       3
       3
       6
       6
       1
       2
       2
       3
       4
       1
       5
       0
       1
       3
       3
       8
       3
       2
       3
       1
       3
       4
       3
       4
       1
       1
       4
       2
       4
       4
       6
       3
       3
       3
       3
       5
       3
       5
       0
       2
       2
       3
       1
       4
       3
       4
       2
       2
       1
       7
       3
       4
       0
       4
       0
       0
       3
       2
       4
       1
       1
       1
       1
       4
       3
       3
       2
       1
       0
       3
       2
       1
       3
       1
       0
       0
       0
       2
       2
       4
       3
       1
       4
       1
       2
       1
       0
       2
       3
       1
       1
       3
       3
       5
       4
       2
       3
       1
       1
       1
       2
       3
       0
       4
       3
       1
       3
       1
       1
       2
       2
       1
       2
       3
       2
       1
       5
       2
       4
       0
       3
       3
       6
       1
       4
       0
       6
       3
       0
       4
       5
       3
       2
       1
       4
       2
       4
       1
       1
       1
       5
       2
       2
       2
       1
       7
       1
       1
       3
       7
       1
       2
       0
       1
       1
       1
       1
       3
       5
       1
       1
       1
       3
       2
       1
       1
       0
       2
       0
       1
       0
       0
       1
       0
       3
       2
       4
       1
       2
       0
       2
       1
       1
       2
       6
       2
       0
       4
       1
       1
       2
       0
       3
       3
       1
       0
       0
       3
       3
       1
       1
       2
       2
       0
       0
       1
       1
       2
       0
       3
       0
       0
       1
       1
       0
       1
       2
       0
       1
       0
       3
       0
       1
       2
       3
       1
       1
       2
       1
       2
       3
       0
       0
       1
       2
       0
       1
       0
       3
       2
       1
       1
       1
       0
       0
       2
       1
       0
       1
       0
       0
       2
       3
       2
       0
       1
       1
       1
       0
       0
       2
       0
       1
       4
       0
       0
       1
       1
       2
       1
       1
       1
       2
       0
       0
       3
       0
       0
       0
       0
       2
       0
       0
       0
       1
       0
       0
       0
       1
       2
       2
       1
       1
       0
       1
       0
       0
       1
       0
       0
       2
       1
       0
       0
       1
       0
       0
       0
       1
       0
       0
       1
       0
       0
       0
       0
       1
       0
       0
       0
       0
       0
       0
       1
       1
       3
       0
       0
       0
       0
       2
       0
       1
       0
       1
       0
       0
       2
       1
       0
       0
       0
       1
       0
       0
       0
       0
       1
       0
       0
       2
       1
       0
       1
       0
       2
       0
       0
       0
       1
       1
       0
       2
       1
       1
       0
       0
       0
       0
       0
       1
       0
       0
       0
       0
       0
       0
       0
       0
       0
       0
       0
       0
       3
       1
       2
       1
       0
       0
       0
       1
       0
       0
       0
       0
       2
       1
       0
       0
       1
       2
       0
       0
       2
       0
       0
       0
       0
       0
       0
       0
       0
       0
       0
       0
       0
       0
       0
       0
       0
       1
       0
       1
       0
       1
       0
       1
       2
       0
       0
       0
       0
       0
       0
       1
       0
       0
       0
       1
       0
       0
       1
       0
       1
       0
       0
       1
       0
       0
       0
       0
       0
       0
       0
       0
       0
       0
       0
       0
       0
       0
       0
       1
       0
       0
       0
       0
       0
       0
       0
       0
       0
       0
       0
       1
       0
       0
       0
       0
       2
       0
       2
       1
       0
       0
       1
       1
       0
       1
       0
       0
       0
       1
       1
       0
       0
       1
       0
       1
       3
       0
       0
       0
       0
       0
       0
       1
       0
       0
       0
       0
       0
       0
       0
       0
       0
       1
       0
       0
       0
       0
       0
       0
       0
       0
       0
       0
       0
       0
       0
       0
       0
       0
       0
       0
       0
       0
       1
       0
       0
       0
$ROI:
0
$PRESETS:
None
0
0
$ENER_FIT:
-10.130505 2.230151
$MCA_CAL:
3
-1.013050E+001 2.230151E+000 -7.695740E-005 keV
$SHAPE_CAL:
3
6.128848E+000 7.994157E-002 -1.373380E-004
