$SPEC_ID:
No sample description was entered.
$SPEC_REM:
DET# 2
DETDESC# SPACESCIENCE8 digiBASE-RH SN 15121449
AP# Maestro Version 7.01
$DATE_MEA:
11/03/2025 15:13:42
$MEAS_TIM:
271 272
$DATA:
0 1023
       0
       0
       0
       0
       0
       0
       0
       0
       0
       0
     508
    5217
    5988
    5053
    3941
    2938
    2125
    1550
    1199
     928
     940
     890
     951
    1048
    1118
    1218
    1352
    1459
    1615
    1739
    1829
    1833
    1850
    1697
    1693
    1556
    1388
    1246
    1046
     943
     791
     710
     579
     578
     502
     434
     436
     380
     401
     390
     416
     424
     418
     418
     415
     417
     406
     416
     412
     442
     419
     416
     407
     399
     415
     438
     431
     421
     417
     401
     394
     407
     384
     409
     378
     379
     401
     357
     379
     378
     356
     327
     322
     363
     336
     344
     326
     313
     290
     300
     333
     324
     285
     307
     306
     326
     261
     291
     283
     288
     276
     285
     308
     278
     275
     302
     274
     321
     298
     332
     359
     362
     383
     388
     377
     407
     394
     401
     463
     438
     433
     419
     463
     470
     439
     497
     487
     462
     491
     491
     505
     446
     511
     522
     568
     537
     592
     594
     590
     674
     722
     732
     757
     788
     798
     870
     832
     858
     885
     944
     889
     868
     849
     822
     778
     796
     731
     685
     633
     621
     615
     572
     541
     458
     450
     412
     359
     325
     238
     250
     220
     205
     198
     173
     150
     125
     116
      97
      90
      72
      50
      69
      61
      55
      64
      34
      44
      39
      36
      37
      25
      23
      33
      34
      29
      23
      17
      16
      21
      35
      32
      18
      15
      23
      27
      25
      22
      23
      24
      23
      27
      20
      15
      12
      16
      18
      15
      15
      20
      18
      23
      22
      23
      21
      14
      22
      20
      13
      20
      23
      17
      20
      17
      18
      22
      14
      17
      22
      15
      30
      22
      15
      23
      20
      22
      21
      13
      26
      27
      37
      19
      20
      26
      17
      16
      27
      29
      29
      24
      34
      29
      19
      30
      24
      23
      19
      26
      28
      31
      24
      25
      29
      18
      31
      33
      39
      21
      20
      22
      30
      33
      25
      17
      27
      21
      24
      29
      24
      15
      18
      22
      18
      16
      18
      22
      19
       5
       9
      14
      13
      15
      17
      14
      16
      13
      11
      10
       6
      12
      14
      12
      12
       6
       9
       9
      11
       7
      11
      17
      10
       8
       8
       6
      17
       6
       6
      15
       7
      11
      11
      10
      10
       7
       4
       4
       5
      10
      11
       4
       9
       3
      11
       5
       6
       8
       9
       7
      11
       7
       8
       7
       5
      14
       8
       9
       8
       7
       8
       7
      10
      11
       4
       6
      11
      12
      10
       9
      12
       9
      15
       3
       9
      11
      11
       5
       5
       4
       5
       7
      11
       7
       9
       2
       6
       4
      10
       7
       7
       8
       8
       7
      10
       8
      10
       4
       9
       9
      10
       2
      12
      11
      10
       3
      14
       8
      10
       9
       6
       8
       4
       4
       8
       9
      11
       4
       1
       4
       6
       7
       6
       5
       7
       4
       3
       5
       5
       9
       4
       7
       5
       8
       5
       5
       5
       8
       8
       3
       9
       6
      10
       5
       6
       8
       2
       6
       4
       5
       9
       5
       7
       5
       4
       2
       6
       3
       3
       5
      11
       9
       4
       7
       7
       6
       5
       4
       5
       4
       7
       4
       6
       5
       4
       7
       6
       4
      11
       9
       1
       4
       7
       6
       3
       5
       2
       5
       5
       3
       6
       8
       5
       2
       7
       6
       9
       4
       6
       5
       6
       5
       5
       4
       3
       5
       3
       5
       8
       2
       1
       5
       7
       5
       6
       5
       8
       6
       3
       3
       4
       3
       2
       4
       2
       4
       2
       3
       5
       4
       3
       9
       2
       5
       5
       7
       3
       3
       3
       5
       2
       3
       6
       3
       3
       4
       1
       2
       4
       5
       2
       1
       6
       3
       8
       4
       0
       5
       4
       3
       5
       2
       2
       7
       3
       4
       3
       3
       1
       4
       7
       5
       3
       5
       2
       2
       7
       1
       4
       4
       5
       3
       3
       4
       1
       4
       1
       3
       6
       2
       2
       5
       9
       7
       8
       3
       9
       8
       8
       6
       3
       6
       3
       5
       7
       2
      10
       4
      12
      11
       7
      12
      10
       7
       9
       9
       9
       3
      16
      13
      13
      13
      10
      10
      15
      14
      10
      13
       3
       8
      16
       7
       8
       9
      12
       7
      11
      11
      10
       8
       6
      11
      11
       6
       5
       4
       9
      10
       9
       7
       5
       6
       5
       8
       3
       7
       3
       7
       7
       4
       3
       3
       6
       2
       4
       5
       4
       2
       2
       1
       1
       0
       2
       3
       2
       2
       0
       4
       2
       1
       2
       0
       2
       1
       1
       2
       2
       2
       1
       6
       2
       0
       3
       0
       1
       1
       1
       0
       1
       2
       3
       3
       0
       2
       5
       1
       1
       2
       2
       4
       0
       2
       1
       5
       1
       1
       3
       1
       2
       3
       2
       2
       2
       1
       1
       1
       2
       1
       0
       1
       0
       2
       1
       0
       1
       2
       2
       1
       3
       1
       2
       1
       3
       1
       0
       3
       1
       1
       0
       0
       2
       2
       2
       1
       2
       0
       3
       4
       1
       3
       1
       2
       3
       5
       3
       1
       4
       0
       0
       1
       0
       2
       0
       1
       2
       4
       3
       2
       1
       0
       1
       1
       3
       1
       3
       1
       2
       3
       1
       1
       2
       2
       2
       2
       1
       1
       2
       2
       0
       2
       1
       4
       0
       0
       2
       0
       2
       0
       1
       1
       1
       0
       1
       3
       0
       1
       1
       0
       1
       0
       0
       1
       1
       2
       0
       0
       0
       0
       1
       2
       1
       0
       0
       0
       0
       0
       0
       0
       0
       2
       0
       1
       0
       0
       1
       1
       0
       0
       1
       0
       1
       1
       1
       0
       0
       1
       1
       2
       1
       1
       1
       3
       0
       0
       0
       2
       1
       0
       0
       0
       1
       0
       1
       0
       0
       1
       1
       2
       0
       0
       0
       2
       1
       1
       1
       1
       0
       0
       0
       0
       0
       0
       1
       1
       0
       0
       0
       0
       0
       0
       1
       1
       1
       0
       1
       1
       0
       0
       0
       2
       2
       2
       1
       1
       0
       1
       1
       0
       0
       1
       2
       0
       0
       0
       3
       1
       2
       0
       0
       2
       1
       1
       0
       0
       1
       0
       0
       1
       1
       2
       1
       0
       2
       1
       0
       1
       1
       1
       0
       2
       1
       1
       0
       1
       0
       1
       0
       1
       1
       1
       0
       2
       1
       0
       2
       3
       0
       1
       0
       1
       2
       0
       1
       1
       0
       1
       0
       1
       1
       0
       1
       0
       0
       0
       0
       0
       0
       1
       0
       0
       0
       1
       0
       1
       1
       1
       0
       0
       1
       0
       1
       0
       0
       2
       0
       0
       0
       0
       0
       0
       0
       0
       0
       0
       0
       0
       1
       0
       0
       0
       0
       0
       0
       0
       1
       0
       0
$ROI:
0
$PRESETS:
None
0
0
$ENER_FIT:
0.000000 2.205567
$MCA_CAL:
3
0.000000E+000 2.205567E+000 0.000000E+000 keV
$SHAPE_CAL:
3
0.000000E+000 0.000000E+000 0.000000E+000
