$SPEC_ID:
No sample description was entered.
$SPEC_REM:
DET# 1
DETDESC# SPACESCIENCE4 digiBASE-RH SN 15121435
AP# Maestro Version 7.01
$DATE_MEA:
11/03/2025 14:43:29
$MEAS_TIM:
244 245
$DATA:
0 1023
       0
       0
       0
       0
       0
       0
       0
       0
       0
       0
       0
       0
       0
       0
       0
      83
    1632
    2351
    1861
    1333
     845
     615
     461
     409
     362
     414
     415
     470
     471
     524
     605
     660
     672
     845
     916
     967
    1084
    1129
    1183
    1167
    1150
     987
     903
     813
     733
     631
     519
     512
     502
     449
     420
     404
     386
     415
     406
     409
     390
     423
     386
     381
     387
     371
     397
     403
     409
     393
     388
     437
     414
     410
     416
     416
     390
     399
     408
     391
     406
     395
     393
     352
     349
     370
     340
     314
     343
     353
     332
     304
     304
     308
     310
     279
     247
     262
     257
     254
     247
     250
     235
     225
     214
     216
     212
     201
     214
     181
     183
     206
     181
     182
     195
     190
     196
     184
     176
     195
     207
     202
     204
     246
     237
     189
     233
     237
     250
     228
     261
     292
     230
     243
     253
     262
     286
     254
     274
     255
     288
     268
     281
     280
     268
     296
     301
     292
     281
     311
     315
     352
     377
     354
     403
     367
     406
     377
     382
     436
     453
     433
     430
     457
     419
     414
     374
     408
     356
     349
     342
     314
     294
     275
     238
     240
     214
     220
     163
     164
     152
     152
     121
     129
     108
      88
      84
      82
      74
      61
      60
      64
      34
      48
      47
      35
      43
      44
      30
      27
      20
      25
      27
      17
      19
      26
      22
       9
      15
      14
      10
      20
       9
      18
      10
      18
       9
       8
       9
      11
      11
       8
      14
       7
      11
       9
      15
      10
      12
       7
      13
       8
      10
      13
      10
      14
       6
       9
       7
       6
      11
       7
       9
       5
      14
       8
      12
       5
       5
       7
       6
      16
       9
       7
       9
       8
      15
       3
       7
       7
       8
       8
      10
       8
       7
       7
       8
      11
       5
      15
       6
       8
      10
       3
       1
       9
       9
      13
       6
       6
       7
       6
       8
       5
       5
       4
       3
       6
       4
       1
       5
       4
       9
       4
       6
       8
       6
       3
      11
       0
       7
       3
       4
       3
       3
       7
       7
      10
      11
       5
       3
       6
       5
       5
       6
       4
       4
       3
       1
       4
       4
       6
       8
       3
       5
       7
       5
       3
       4
       5
       6
       4
       4
       3
       6
       4
       7
       4
       2
       4
       0
       8
       5
       7
       3
       2
       2
       3
       8
       3
       7
       6
       6
       4
       2
       6
       5
       4
       6
       4
       7
       3
       5
       2
       4
       2
       6
       1
       5
       5
       3
       5
       4
       0
       3
       7
       5
       4
       0
       2
       3
       3
       4
       4
       1
       3
       3
       3
       2
       2
       3
       7
       2
       7
       4
       8
       5
       3
       6
       2
       4
       6
       5
       4
       3
       5
       4
       7
       2
       1
       1
       4
       2
       0
       4
       3
       5
       6
       2
       4
       3
       4
       2
       2
       7
       4
       3
       3
       1
       4
       2
       3
       2
       7
       3
       4
       3
       4
       1
       3
       1
       3
       3
       5
       2
       0
       1
       3
       0
       4
       2
       4
       3
       2
       4
       2
       5
       4
       6
       2
       3
       5
       5
       4
       0
       4
       1
       4
       3
       2
       1
       6
       4
       6
       0
       0
       3
       2
       6
       3
       4
       0
       5
       3
       4
       0
       0
       4
       5
       1
       6
       3
       4
       5
       2
       0
       1
       2
       1
       0
       0
       6
       0
       4
       2
       3
       1
       2
       2
       1
       2
       2
       4
       2
       1
       1
       1
       5
       2
       2
       0
       4
       1
       1
       2
       4
       3
       0
       4
       3
       0
       2
       1
       1
       0
       2
       0
       2
       1
       5
       3
       1
       2
       2
       1
       6
       3
       2
       2
       0
       0
       0
       2
       1
       2
       3
       0
       3
       2
       3
       0
       2
       4
       4
       3
       0
       2
       4
       1
       0
       2
       3
       4
       2
       0
       1
       1
       0
       0
       1
       1
       1
       2
       1
       4
       1
       1
       4
       2
       2
       3
       2
       1
       3
       0
       0
       6
       0
       4
       2
       2
       3
       4
       2
       3
       2
       2
       2
       3
       5
       1
       2
       2
       0
       1
       1
       4
       3
       3
       2
       2
       2
       1
       2
       2
       1
       3
       1
       1
       0
       0
       1
       1
       2
       4
       0
       2
       1
       1
       1
       0
       4
       3
       2
       1
       1
       1
       1
       1
       1
       0
       3
       0
       2
       0
       4
       1
       1
       0
       1
       2
       1
       2
       0
       2
       0
       1
       0
       3
       1
       1
       4
       1
       1
       1
       2
       0
       0
       0
       1
       0
       0
       1
       0
       0
       0
       2
       0
       1
       1
       0
       0
       2
       0
       0
       1
       1
       1
       1
       1
       1
       1
       1
       2
       1
       0
       3
       1
       1
       0
       2
       1
       1
       0
       3
       0
       1
       0
       0
       0
       1
       0
       0
       0
       0
       0
       0
       0
       0
       1
       0
       1
       0
       2
       0
       0
       1
       0
       2
       0
       0
       1
       0
       0
       0
       0
       0
       3
       0
       1
       0
       1
       0
       2
       0
       0
       0
       0
       1
       1
       1
       1
       0
       0
       0
       0
       1
       1
       1
       0
       2
       0
       0
       1
       0
       1
       0
       1
       0
       0
       1
       1
       0
       0
       1
       0
       0
       0
       0
       0
       0
       0
       1
       1
       0
       0
       0
       0
       0
       1
       0
       1
       1
       0
       0
       0
       0
       0
       0
       0
       0
       0
       2
       1
       0
       0
       1
       0
       0
       1
       0
       0
       0
       0
       0
       0
       0
       0
       0
       0
       0
       0
       0
       0
       3
       0
       0
       1
       0
       0
       0
       1
       0
       0
       0
       0
       1
       0
       2
       0
       0
       0
       0
       1
       0
       0
       0
       0
       0
       1
       0
       1
       0
       0
       0
       0
       0
       0
       0
       0
       0
       1
       1
       1
       0
       0
       0
       0
       0
       0
       0
       0
       1
       0
       0
       0
       0
       0
       0
       0
       1
       0
       2
       0
       0
       0
       1
       0
       0
       1
       1
       1
       0
       0
       1
       0
       1
       1
       0
       0
       0
       1
       0
       0
       1
       0
       1
       1
       0
       1
       0
       0
       0
       0
       0
       0
       0
       1
       1
       0
       0
       0
       0
       0
       0
       1
       0
       0
       1
       0
       1
       0
       2
       0
       1
       0
       0
       1
       0
       1
       0
       0
       1
       0
       0
       0
       0
       0
       1
       1
       0
       0
       0
       0
       0
       0
       0
       2
       1
       1
       1
       1
       0
       0
       0
       0
       0
       1
       0
       0
       0
       0
       0
       0
       0
       0
       0
       0
       0
       0
       0
       0
       1
       0
       0
       0
       0
       0
       0
       0
       0
       0
       0
       0
       0
       1
       0
       0
       0
       0
       0
       0
       0
       0
       0
       0
       0
       0
       0
       0
       0
       0
       0
       0
       0
       0
       1
       0
$ROI:
0
$PRESETS:
None
0
0
$ENER_FIT:
-10.130505 2.230151
$MCA_CAL:
3
-1.013050E+001 2.230151E+000 -7.695740E-005 keV
$SHAPE_CAL:
3
6.128848E+000 7.994157E-002 -1.373380E-004
