$SPEC_ID:
No sample description was entered.
$SPEC_REM:
DET# 1
DETDESC# SPACESCIENCE4 digiBASE-RH SN 15121435
AP# Maestro Version 7.01
$DATE_MEA:
11/03/2025 14:43:29
$MEAS_TIM:
502 503
$DATA:
0 1023
       0
       0
       0
       0
       0
       0
       0
       0
       0
       0
       0
       0
       0
       0
       0
     180
    3444
    5095
    3996
    2741
    1785
    1294
    1010
     853
     839
     795
     882
     944
    1049
    1173
    1273
    1328
    1488
    1649
    1855
    2074
    2201
    2308
    2410
    2440
    2289
    2123
    1962
    1687
    1508
    1345
    1174
    1029
     966
     892
     885
     807
     808
     784
     810
     833
     769
     767
     808
     788
     824
     767
     868
     844
     849
     799
     823
     830
     812
     819
     836
     837
     824
     834
     789
     813
     812
     775
     772
     763
     781
     694
     743
     735
     689
     672
     666
     646
     635
     639
     599
     572
     615
     598
     527
     527
     521
     510
     526
     448
     439
     470
     454
     463
     427
     444
     410
     360
     411
     355
     398
     414
     377
     383
     387
     405
     384
     413
     395
     449
     465
     473
     459
     529
     503
     486
     494
     532
     517
     547
     550
     563
     592
     554
     553
     569
     588
     550
     548
     570
     549
     568
     581
     556
     578
     608
     624
     671
     737
     716
     767
     774
     836
     816
     824
     854
     856
     912
     875
     918
     877
     884
     832
     828
     764
     734
     644
     649
     662
     572
     528
     470
     479
     440
     404
     356
     327
     296
     279
     237
     221
     191
     162
     171
     163
     171
     108
     109
      96
      81
      78
      78
      65
      71
      54
      49
      44
      51
      55
      57
      35
      56
      33
      37
      27
      32
      41
      26
      26
      26
      40
      30
      33
      24
      15
      27
      24
      23
      21
      18
      21
      32
      19
      18
      20
      17
      14
      16
      20
      20
      26
      21
      18
      14
      25
      13
      17
      20
      26
      11
      27
      17
      19
      25
      18
      16
      13
      26
      15
      16
      17
      20
      18
      18
      16
      20
      24
      14
      18
      17
      13
      17
      17
      17
      13
      20
      17
      17
      19
      12
      18
      15
      15
      10
      10
      15
      13
      16
      10
       8
      10
      15
      16
      14
      14
      18
      18
      11
      15
       9
      12
      19
      10
      15
       7
      24
      10
      10
      13
      15
      11
       5
      12
      10
       8
       9
      11
       8
      13
      14
       9
       9
      12
      13
       8
       8
      11
       9
      11
      10
      15
      10
      15
       8
       5
      10
       5
       6
      12
       8
      15
       8
      13
       6
      11
       8
       7
       5
      10
       6
       3
      15
       9
       4
       8
       8
      16
      10
       5
       8
       5
      11
      11
       3
       6
       8
       6
       7
       5
       4
       9
       7
      11
       8
       9
       6
       8
       8
       4
       3
       4
       6
      10
       6
       9
       6
      10
       5
       8
       6
       1
       6
       2
       7
       6
       9
       6
       9
      14
       6
       4
      10
       5
       4
       9
       6
       5
       7
       6
       9
       6
       7
       5
       5
       1
       6
       5
       8
       7
      10
       6
       3
       7
       6
       3
       5
       9
       1
      10
       3
       2
       7
       6
       7
       2
      11
       6
       6
       4
      10
       5
      12
       7
       9
       4
       3
       9
       3
       8
      11
       6
       8
       3
       4
       8
       8
       5
       5
       9
       6
       7
       4
      10
       1
       4
       8
       4
       6
       8
      10
       3
       7
       3
       2
       5
       7
       4
       7
       4
       6
       7
       6
       1
       3
       4
       7
       4
       3
       3
       3
       6
       5
       3
       8
       5
       6
       9
       3
       1
       4
       4
       5
       9
       5
       2
       5
       7
       6
       6
       1
       2
       4
       5
       8
       6
       4
      13
       3
       7
       7
       2
       7
       6
       4
       7
       3
       3
      10
       8
       4
       3
       4
       2
       2
       5
       3
       2
       1
       6
       7
       1
       7
       6
       7
       4
       6
       4
       4
       4
       3
       4
       4
       3
       3
       4
       3
       3
       2
       5
       3
       3
       4
       1
       0
       4
       1
       2
       1
       6
       6
       1
       5
       5
       2
       2
       0
       3
       2
       2
       3
       2
       3
       0
       6
       3
       6
       5
       2
       2
       5
       6
       2
       1
       2
       2
       4
       2
       3
       3
       2
       3
       3
       4
       5
       4
       5
       5
       5
       2
       6
       5
       6
       7
       6
      10
       6
       5
       8
       4
       4
       4
       5
       3
      10
       3
       5
       3
       4
       5
       4
       3
       8
       1
       4
       4
       5
       6
       4
       3
       8
       1
       3
       4
       7
       1
       7
       4
       6
       5
       4
       5
       4
       5
       3
       3
       1
       3
       3
       4
       2
       3
       3
       1
       2
       1
       5
       3
       3
       4
       6
       1
       2
       2
       2
       1
       4
       4
       2
       3
       1
       2
       3
       2
       3
       3
       4
       4
       4
       4
       3
       4
       3
       1
       3
       1
       0
       2
       1
       1
       0
       2
       0
       1
       1
       3
       5
       1
       4
       3
       2
       1
       2
       2
       1
       3
       1
       1
       0
       0
       1
       1
       0
       3
       1
       0
       0
       4
       2
       4
       4
       1
       0
       1
       1
       2
       0
       0
       1
       0
       2
       1
       2
       0
       4
       0
       0
       1
       2
       1
       0
       0
       0
       2
       0
       1
       0
       2
       1
       2
       2
       0
       2
       2
       0
       2
       2
       3
       2
       1
       0
       1
       0
       0
       4
       1
       0
       0
       1
       1
       2
       0
       0
       1
       1
       0
       0
       0
       1
       2
       0
       1
       1
       0
       2
       1
       0
       0
       0
       1
       1
       1
       0
       0
       1
       1
       1
       1
       0
       1
       1
       1
       1
       0
       1
       1
       0
       0
       0
       0
       1
       0
       1
       1
       0
       0
       0
       1
       0
       0
       0
       1
       1
       0
       0
       1
       2
       1
       0
       0
       0
       0
       0
       2
       2
       1
       0
       0
       0
       1
       0
       3
       0
       0
       0
       0
       1
       0
       1
       0
       0
       0
       0
       1
       2
       1
       0
       1
       1
       0
       0
       1
       1
       1
       2
       0
       0
       0
       1
       1
       0
       0
       0
       2
       0
       2
       0
       0
       0
       0
       1
       0
       1
       1
       1
       1
       0
       1
       1
       0
       0
       0
       0
       0
       0
       0
       0
       0
       1
       3
       1
       1
       0
       1
       2
       0
       0
       0
       1
       0
       0
       0
       0
       0
       0
       1
       1
       0
       1
       0
       0
       0
       0
       1
       1
       1
       0
       1
       0
       0
       0
       0
       1
       0
       1
       1
       1
       0
       0
       0
       0
       1
       0
       2
       0
       1
       0
       0
       0
       0
       0
       1
       0
       3
       0
       0
       2
       0
       0
       0
       1
       1
       0
       0
       1
       0
       0
       0
       0
       0
       1
       1
       1
       0
       1
       1
       0
       0
       0
       0
       0
       0
       1
       0
       0
       0
       0
       0
       0
       0
       2
       0
       0
       0
       0
       0
       0
       0
       1
       0
       0
       0
       0
       1
       0
       1
       0
       1
       0
       0
       1
       0
       0
       0
       1
       0
       1
       0
       0
       0
       0
       0
       0
       1
       0
$ROI:
0
$PRESETS:
None
0
0
$ENER_FIT:
-10.130505 2.230151
$MCA_CAL:
3
-1.013050E+001 2.230151E+000 -7.695740E-005 keV
$SHAPE_CAL:
3
6.128848E+000 7.994157E-002 -1.373380E-004
