$SPEC_ID:
No sample description was entered.
$SPEC_REM:
DET# 2
DETDESC# SPACESCIENCE8 digiBASE-RH SN 15121449
AP# Maestro Version 7.01
$DATE_MEA:
11/03/2025 15:24:20
$MEAS_TIM:
103 103
$DATA:
0 1023
       0
       0
       0
       0
       0
       0
       0
       0
       0
       0
      75
     908
    1166
    1023
     851
     682
     513
     420
     358
     322
     292
     292
     226
     271
     259
     265
     264
     278
     265
     289
     278
     321
     308
     320
     308
     293
     291
     311
     290
     312
     324
     321
     300
     333
     271
     310
     313
     304
     327
     287
     334
     311
     314
     313
     311
     320
     277
     327
     325
     328
     306
     315
     334
     309
     326
     306
     342
     317
     356
     327
     333
     373
     365
     384
     372
     363
     381
     397
     399
     424
     370
     397
     366
     384
     362
     367
     361
     395
     375
     399
     363
     347
     328
     333
     358
     340
     326
     330
     313
     291
     309
     297
     343
     300
     315
     294
     297
     324
     302
     293
     287
     297
     316
     293
     281
     291
     258
     234
     255
     277
     264
     245
     230
     274
     265
     248
     240
     254
     235
     252
     246
     235
     227
     224
     186
     215
     212
     236
     189
     205
     193
     199
     196
     200
     184
     182
     184
     215
     186
     188
     178
     193
     179
     173
     176
     183
     194
     167
     172
     170
     171
     168
     166
     153
     143
     152
     139
     162
     149
     128
     149
     150
     165
     152
     150
     158
     137
     143
     149
     142
     155
     154
     122
     126
     137
     111
     134
     134
     132
     135
     110
     132
     127
     107
     127
     117
     109
     104
      91
     113
      93
     113
     112
      93
      88
      75
      93
      76
      82
      96
      87
      56
      76
      74
      85
      55
      75
      53
      57
      42
      54
      52
      45
      56
      59
      46
      49
      53
      49
      37
      43
      49
      50
      57
      54
      55
      49
      66
      56
     104
      78
     103
     100
     113
     119
     129
     150
     152
     173
     207
     234
     270
     283
     336
     372
     400
     423
     481
     558
     617
     680
     737
     809
     846
     917
     924
     982
    1117
    1189
    1362
    1241
    1418
    1469
    1448
    1560
    1597
    1622
    1630
    1615
    1613
    1654
    1604
    1545
    1619
    1519
    1601
    1440
    1402
    1410
    1335
    1224
    1174
    1204
    1118
    1016
     972
     903
     823
     710
     702
     622
     539
     503
     422
     382
     384
     305
     256
     229
     226
     193
     170
     148
     132
     102
     100
      77
      66
      60
      38
      55
      30
      30
      29
      15
      17
      15
      11
       9
       8
       3
      11
       7
       7
       9
       6
       4
       6
       6
       5
       5
       1
       7
       1
       5
       8
       4
       4
       4
       2
       4
       2
       3
       1
       4
       3
       3
       3
       0
       4
       5
       2
       1
       4
       3
       3
       0
       7
       2
       6
       2
       4
       2
       3
       5
       2
       5
       3
       2
       4
       2
       2
       2
       3
       3
       4
       2
       2
       3
       8
       5
       3
       5
       3
       5
       7
       4
       5
       4
       4
       4
       3
       4
       3
       5
       1
       4
       7
       4
       2
       2
       1
       2
       4
       2
       7
       4
       1
       7
       0
       3
       4
       3
       2
       4
       1
       4
       1
       1
       2
       2
       3
       1
       6
       2
       2
       0
       1
       2
       1
       0
       5
       1
       4
       4
       3
       3
       0
       5
       0
       3
       3
       2
       1
       3
       4
       1
       1
       2
       1
       3
       0
       2
       2
       1
       4
       5
       1
       5
       6
       2
       4
       5
       2
       2
       5
       1
       7
       5
       3
       1
       4
       1
       0
       2
       2
       4
       1
       2
       3
       4
       1
       0
       3
       2
       2
       1
       3
       3
       1
       2
       4
       1
       6
       2
       2
       4
       2
       2
       1
       1
       2
       2
       5
       2
       1
       1
       0
       2
       2
       1
       5
       3
       3
       2
       1
       2
       1
       3
       2
       1
       2
       1
       2
       3
       2
       0
       0
       4
       4
       0
       3
       0
       4
       0
       0
       2
       3
       0
       0
       1
       0
       2
       4
       1
       0
       4
       0
       1
       0
       3
       0
       3
       2
       2
       2
       2
       3
       3
       1
       0
       3
       0
       3
       3
       1
       1
       2
       1
       1
       3
       2
       1
       0
       1
       4
       3
       4
       1
       2
       1
       2
       1
       4
       1
       1
       1
       1
       4
       5
       4
       3
       4
       3
       5
       1
       4
       4
       2
       7
       3
       3
       3
       4
       4
       3
       2
       4
       6
       3
       7
       5
       5
       6
       4
       7
       2
       5
       4
       2
       4
       4
       3
       0
       1
       1
       5
       3
       4
       4
       2
       6
       4
       0
       2
       0
       8
       1
       4
       5
       2
       1
       3
       1
       1
       1
       0
       0
       0
       2
       1
       0
       3
       2
       1
       0
       1
       1
       0
       0
       0
       2
       0
       0
       1
       3
       0
       1
       0
       0
       0
       1
       2
       0
       0
       0
       2
       3
       0
       1
       0
       2
       2
       0
       0
       1
       1
       1
       0
       1
       0
       1
       1
       0
       0
       0
       1
       0
       1
       1
       0
       0
       0
       1
       1
       0
       2
       0
       1
       0
       1
       1
       0
       1
       1
       2
       0
       0
       0
       0
       1
       0
       0
       0
       0
       0
       4
       0
       0
       2
       1
       2
       0
       1
       0
       0
       2
       2
       0
       3
       0
       1
       0
       2
       0
       0
       1
       2
       0
       2
       1
       0
       0
       2
       1
       1
       0
       1
       1
       0
       1
       0
       1
       0
       0
       0
       2
       0
       0
       1
       1
       0
       0
       0
       0
       0
       0
       0
       0
       0
       1
       0
       1
       0
       0
       0
       0
       1
       0
       0
       0
       1
       0
       0
       1
       1
       1
       0
       0
       0
       0
       0
       0
       1
       0
       1
       1
       0
       0
       0
       0
       0
       0
       0
       0
       0
       0
       0
       0
       1
       0
       0
       0
       0
       0
       0
       0
       0
       0
       0
       0
       0
       1
       0
       0
       1
       0
       1
       1
       0
       1
       0
       0
       0
       0
       0
       0
       0
       0
       0
       1
       1
       0
       0
       0
       0
       0
       0
       0
       0
       0
       0
       0
       0
       0
       1
       1
       0
       0
       0
       0
       0
       1
       1
       0
       0
       0
       0
       1
       0
       0
       1
       1
       0
       0
       0
       0
       0
       1
       1
       0
       0
       1
       1
       0
       0
       0
       0
       1
       0
       0
       0
       1
       0
       1
       0
       1
       0
       0
       0
       1
       0
       0
       0
       0
       0
       0
       0
       0
       2
       0
       2
       0
       0
       0
       1
       0
       0
       1
       0
       0
       1
       0
       0
       0
       0
       0
       0
       0
       0
       0
       1
       0
       0
       1
       1
       0
       0
       0
       0
       0
       0
       0
       0
       1
       0
       0
       0
       0
       0
       0
       0
       0
       0
       0
       0
       0
       0
       0
       0
       0
       0
       0
       0
       1
       0
       0
       1
       1
       0
       0
       0
       0
       0
       0
       0
       1
       0
       0
       0
       0
       0
       1
       0
       0
       0
       0
       0
       0
       0
       0
       0
       0
       0
       0
       0
       0
       0
       0
       0
       0
       0
       0
       0
$ROI:
0
$PRESETS:
None
0
0
$ENER_FIT:
0.000000 2.205567
$MCA_CAL:
3
0.000000E+000 2.205567E+000 0.000000E+000 keV
$SHAPE_CAL:
3
0.000000E+000 0.000000E+000 0.000000E+000
