$SPEC_ID:
No sample description was entered.
$SPEC_REM:
DET# 2
DETDESC# SPACESCIENCE8 digiBASE-RH SN 15121449
AP# Maestro Version 7.01
$DATE_MEA:
11/03/2025 15:26:23
$MEAS_TIM:
97 97
$DATA:
0 1023
       0
       0
       0
       0
       0
       0
       0
       0
       0
       0
      84
     860
    1047
    1002
     784
     662
     563
     439
     395
     357
     297
     284
     261
     314
     298
     295
     252
     300
     306
     299
     276
     285
     276
     311
     267
     311
     300
     311
     298
     292
     314
     299
     312
     319
     287
     271
     275
     307
     290
     288
     295
     327
     321
     287
     335
     315
     310
     297
     305
     271
     302
     301
     328
     290
     343
     279
     299
     318
     322
     318
     333
     324
     336
     327
     380
     330
     364
     379
     366
     365
     353
     363
     364
     415
     360
     373
     326
     373
     350
     346
     354
     332
     328
     330
     344
     322
     322
     337
     321
     295
     288
     264
     285
     305
     322
     303
     303
     275
     271
     291
     293
     295
     267
     270
     299
     271
     243
     285
     244
     247
     238
     234
     257
     248
     250
     215
     251
     236
     235
     196
     225
     239
     218
     187
     197
     218
     225
     182
     206
     194
     197
     204
     197
     176
     197
     175
     183
     173
     201
     190
     170
     168
     207
     201
     144
     168
     158
     166
     162
     161
     160
     187
     166
     162
     154
     144
     172
     158
     140
     160
     159
     160
     137
     155
     160
     140
     141
     133
     139
     160
     132
     117
     135
     130
     116
     149
     141
     146
     111
      84
      99
     122
     112
     116
      92
     104
     111
      90
      95
      90
      99
      90
     101
      71
      82
      77
      89
      92
      83
      65
      60
      65
      73
      71
      55
      66
      33
      64
      44
      60
      50
      49
      50
      51
      58
      57
      45
      44
      46
      59
      54
      60
      50
      47
      62
      62
      61
      74
      62
      75
      99
      97
     102
      99
     110
     127
     121
     162
     189
     193
     241
     259
     265
     324
     326
     413
     440
     537
     536
     578
     658
     708
     722
     855
     906
     929
    1028
    1133
    1205
    1187
    1327
    1363
    1359
    1451
    1498
    1506
    1555
    1600
    1557
    1620
    1572
    1573
    1544
    1542
    1486
    1428
    1484
    1438
    1327
    1245
    1205
    1197
    1157
    1036
    1017
     919
     854
     796
     715
     616
     576
     507
     472
     452
     388
     345
     287
     267
     261
     217
     170
     162
     145
     126
     100
      82
      60
      53
      53
      47
      37
      38
      28
      26
      39
      21
      23
      15
      12
       8
      12
      17
       9
       8
       3
       6
       4
       6
       6
       5
       6
       5
       2
       1
       3
       1
       5
       5
       4
       5
       6
       4
       7
       7
       3
       5
       3
       3
       4
       5
       1
       5
       2
       3
       1
       4
       0
       6
       4
       1
       3
       8
       1
       7
       1
       0
       2
       5
       2
       5
       2
       6
       4
       3
       3
       4
       2
       7
       1
       5
       5
       4
       5
       2
       4
       4
       2
       2
       4
       3
       4
       1
       4
       5
       3
       6
       1
       3
       0
       2
       0
       2
       3
       0
       1
       3
       4
       2
       3
       3
       2
       2
       3
       7
       3
       0
       4
       6
       1
       1
       1
       2
       3
       2
       2
       2
       3
       1
       3
       2
       0
       4
       3
       3
       1
       2
       3
       1
       1
       0
       0
       3
       4
       0
       1
       4
       4
       0
       3
       3
       1
       1
       2
       2
       1
       0
       1
       0
       3
       1
       4
       2
       3
       4
       3
       8
       5
       4
       0
       2
       3
       3
       1
       1
       2
       4
       2
       3
       3
       1
       1
       2
       6
       1
       1
       5
       0
       0
       1
       1
       2
       4
       5
       4
       0
       1
       5
       1
       3
       2
       1
       1
       4
       1
       0
       2
       2
       1
       1
       0
       2
       1
       3
       2
       0
       2
       3
       5
       1
       2
       0
       2
       3
       2
       1
       1
       3
       1
       2
       1
       4
       4
       2
       1
       2
       1
       1
       1
       0
       1
       3
       2
       0
       0
       1
       3
       2
       1
       0
       1
       0
       1
       1
       2
       1
       0
       2
       3
       0
       0
       2
       6
       1
       3
       2
       3
       0
       1
       1
       2
       1
       2
       2
       1
       2
       5
       2
       2
       2
       4
       2
       2
       1
       4
       1
       2
       2
       3
       2
       4
       3
       3
       3
       2
       2
       4
       1
       3
       2
       4
       7
       5
       5
       3
       5
       4
       3
       6
       5
       2
       3
       7
       1
       5
       4
       3
       2
       5
       2
       5
       2
       0
       6
       1
       2
       6
       0
       5
       1
       0
       2
       1
       1
       4
       4
       7
       1
       2
       1
       3
       0
       3
       1
       1
       0
       1
       2
       2
       2
       2
       0
       2
       1
       3
       0
       0
       0
       1
       0
       1
       0
       1
       0
       0
       0
       0
       1
       1
       1
       0
       0
       0
       1
       1
       0
       0
       2
       1
       1
       0
       2
       1
       2
       2
       0
       0
       2
       0
       0
       0
       0
       0
       1
       0
       2
       1
       0
       0
       1
       0
       1
       0
       1
       1
       2
       0
       0
       0
       1
       1
       0
       0
       0
       1
       0
       0
       0
       2
       0
       1
       0
       0
       2
       1
       2
       1
       0
       2
       0
       0
       1
       1
       1
       0
       1
       1
       1
       1
       2
       0
       2
       1
       0
       1
       2
       0
       0
       0
       1
       2
       3
       2
       0
       1
       0
       2
       1
       0
       2
       1
       0
       1
       0
       2
       0
       0
       2
       1
       0
       1
       1
       1
       1
       0
       1
       2
       0
       0
       0
       0
       0
       0
       0
       0
       0
       0
       0
       1
       1
       0
       0
       1
       0
       1
       0
       0
       2
       0
       0
       2
       0
       0
       0
       0
       0
       0
       0
       0
       1
       0
       0
       0
       0
       0
       0
       1
       1
       0
       0
       0
       0
       0
       0
       1
       0
       0
       0
       0
       0
       0
       1
       1
       0
       0
       0
       0
       0
       0
       0
       1
       0
       0
       1
       0
       1
       0
       0
       0
       0
       0
       0
       0
       0
       0
       0
       0
       1
       0
       0
       1
       1
       0
       2
       0
       0
       0
       0
       0
       0
       0
       0
       0
       1
       0
       0
       2
       1
       0
       3
       0
       0
       0
       0
       1
       0
       0
       1
       0
       0
       1
       1
       0
       0
       0
       0
       0
       0
       0
       0
       0
       0
       0
       0
       0
       0
       0
       0
       0
       0
       0
       0
       0
       0
       0
       0
       0
       0
       0
       1
       1
       1
       0
       0
       0
       0
       0
       1
       0
       0
       1
       0
       0
       1
       0
       0
       1
       0
       0
       0
       0
       0
       0
       0
       1
       0
       0
       0
       1
       0
       0
       0
       0
       0
       0
       0
       0
       0
       0
       0
       0
       0
       0
       0
       0
       0
       0
       0
       0
       0
       0
       0
       0
       0
       0
       0
       0
       0
       0
       0
       1
       0
       0
       0
       0
       0
       0
       0
       0
       0
       0
       1
       0
       2
       0
       0
       0
       0
       0
       0
       0
       0
       0
       0
       0
       0
       0
       1
       0
       0
       1
       0
       1
       0
       0
$ROI:
0
$PRESETS:
None
0
0
$ENER_FIT:
0.000000 2.205567
$MCA_CAL:
3
0.000000E+000 2.205567E+000 0.000000E+000 keV
$SHAPE_CAL:
3
0.000000E+000 0.000000E+000 0.000000E+000
