$SPEC_ID:
No sample description was entered.
$SPEC_REM:
DET# 1
DETDESC# SPACESCIENCE4 digiBASE-RH SN 15121435
AP# Maestro Version 7.01
$DATE_MEA:
11/03/2025 14:17:58
$MEAS_TIM:
242 242
$DATA:
0 1023
       0
       0
       0
       0
       0
       0
       0
       0
       0
       0
       0
       0
       0
       0
       0
      41
     969
    1582
    1351
    1096
     866
     716
     628
     575
     551
     584
     570
     611
     604
     592
     618
     678
     651
     693
     689
     731
     731
     715
     743
     819
     823
     788
     830
     837
     908
     846
     850
     863
     857
     918
     926
     891
     915
     931
     940
     921
    1013
     883
     952
     943
     938
     936
    1033
     946
     949
     951
     950
     944
     926
     933
     900
     932
     925
     902
     982
    1026
     952
     912
     969
     998
     993
     995
    1015
    1082
    1017
    1030
    1051
    1054
    1014
    1003
    1026
    1057
    1018
    1041
    1060
    1038
    1049
     969
    1028
     980
    1020
     953
     973
     898
     872
     880
     942
     806
     918
     851
     886
     843
     837
     831
     810
     867
     847
     776
     758
     759
     815
     739
     726
     733
     756
     768
     718
     709
     666
     650
     679
     697
     687
     618
     592
     627
     617
     634
     577
     617
     590
     569
     563
     542
     514
     583
     563
     510
     551
     522
     534
     528
     520
     542
     533
     556
     546
     525
     512
     495
     512
     452
     491
     519
     475
     471
     487
     507
     466
     472
     499
     515
     485
     482
     460
     505
     471
     475
     451
     455
     489
     468
     468
     451
     420
     424
     480
     447
     439
     458
     415
     424
     390
     387
     389
     401
     358
     406
     382
     317
     316
     296
     309
     310
     301
     278
     287
     275
     248
     263
     246
     229
     216
     209
     192
     201
     205
     190
     157
     146
     159
     136
     148
     135
     134
     155
     140
     119
     126
     115
     122
     120
     102
      92
      99
     103
     109
     113
      90
      99
     107
      85
     109
      96
      81
     111
     101
     126
     104
     110
      94
     119
     117
     135
     141
     143
     163
     189
     189
     187
     231
     259
     295
     290
     316
     361
     392
     442
     518
     515
     548
     591
     632
     717
     742
     830
     838
     930
     936
     989
    1005
    1072
    1048
    1106
    1122
    1170
    1196
    1174
    1214
    1187
    1178
    1183
    1205
    1076
    1150
    1069
    1066
    1062
     965
     949
     910
     859
     826
     800
     718
     697
     670
     635
     586
     530
     499
     510
     421
     400
     443
     387
     355
     334
     303
     317
     270
     287
     264
     234
     244
     218
     175
     195
     168
     166
     148
     136
     105
     121
     100
     105
      93
      97
      88
      86
      76
      76
      51
      47
      51
      50
      48
      26
      45
      42
      36
      28
      29
      26
      17
      27
      20
      23
      15
      21
      14
      14
      13
      10
      11
      11
       9
       6
       2
      10
       6
      11
       5
       9
       2
       5
      10
       3
       1
       4
       7
       6
       3
       3
       8
       3
       7
       4
       4
       3
       3
       6
       6
       6
       5
       4
       2
       2
       4
       3
       5
       2
       3
       2
       4
       7
       4
       4
       2
       6
       2
       6
       6
       8
       5
       3
       4
       5
       6
       5
       5
       3
       5
       1
       5
       2
       3
       4
       4
       4
       2
       4
       6
       3
       3
       3
       6
       4
       3
       6
       2
       3
       4
       1
       0
       2
       3
       3
       0
       1
       4
       2
       3
       2
       2
       2
       4
       2
       3
       2
       3
       3
       3
       1
       2
       1
       0
       3
       3
       1
       6
       4
       5
       1
       4
       6
       1
       1
       7
       1
       1
       1
       4
       3
       3
       2
       3
       2
       0
       2
       1
       3
       2
       2
       2
       3
       0
       2
       4
       5
       5
       3
       3
       4
       2
       3
       3
       1
       2
       1
       4
       3
       4
       1
       1
       2
       3
       3
       2
       4
       2
       0
       2
       4
       1
       3
       1
       1
       1
       2
       0
       4
       1
       1
       1
       2
       3
       0
       1
       1
       1
       3
       1
       0
       2
       1
       3
       1
       0
       1
       4
       1
       2
       2
       0
       0
       2
       4
       2
       2
       1
       0
       2
       1
       3
       2
       0
       2
       0
       1
       3
       2
       1
       0
       2
       0
       4
       2
       1
       0
       1
       3
       1
       2
       0
       3
       2
       2
       1
       0
       3
       0
       3
       4
       3
       0
       0
       1
       2
       0
       2
       0
       2
       2
       2
       1
       3
       6
       1
       3
       4
       2
       5
       0
       2
       3
       1
       3
       2
       3
       1
       1
       1
       3
       4
       2
       1
       1
       1
       3
       3
       0
       1
       2
       3
       0
       4
       5
       1
       0
       2
       2
       4
       3
       1
       4
       1
       2
       0
       1
       1
       2
       1
       3
       2
       1
       2
       1
       0
       2
       0
       1
       1
       1
       0
       1
       1
       0
       0
       3
       2
       1
       0
       2
       1
       0
       0
       1
       1
       2
       0
       1
       0
       0
       1
       1
       2
       1
       1
       0
       1
       0
       0
       1
       1
       2
       1
       0
       0
       0
       0
       1
       0
       3
       0
       0
       0
       1
       0
       1
       1
       0
       3
       1
       1
       3
       2
       0
       0
       0
       0
       1
       3
       0
       1
       0
       3
       0
       0
       0
       2
       0
       1
       0
       2
       0
       0
       0
       0
       1
       1
       0
       0
       0
       0
       1
       0
       1
       0
       0
       0
       0
       0
       0
       0
       0
       0
       0
       0
       1
       0
       0
       0
       0
       1
       1
       1
       0
       0
       0
       0
       1
       0
       0
       0
       1
       0
       0
       0
       0
       0
       0
       0
       0
       1
       0
       0
       0
       0
       0
       0
       0
       0
       0
       1
       0
       1
       0
       0
       0
       0
       0
       0
       1
       0
       1
       1
       0
       0
       1
       0
       2
       1
       0
       0
       0
       0
       0
       0
       0
       0
       0
       0
       0
       0
       0
       0
       2
       1
       0
       0
       0
       1
       0
       1
       1
       0
       0
       1
       0
       0
       2
       2
       0
       0
       1
       0
       0
       0
       0
       1
       0
       0
       0
       0
       0
       2
       0
       0
       0
       0
       0
       2
       0
       0
       1
       0
       0
       0
       1
       0
       0
       1
       1
       0
       0
       0
       0
       0
       0
       0
       0
       1
       0
       0
       0
       0
       0
       1
       1
       1
       0
       1
       1
       0
       0
       0
       0
       0
       0
       0
       1
       0
       0
       0
       0
       1
       0
       0
       0
       0
       0
       1
       1
       1
       2
       0
       0
       0
       0
       0
       1
       0
       1
       0
       0
       1
       0
       0
       0
       1
       0
       0
       0
       0
       0
       0
       2
       0
       1
       0
       0
       1
       0
       0
       1
       0
       1
       0
       1
       0
       0
       0
       0
       0
       1
       0
       1
       0
       0
       0
       0
       1
       0
       1
       0
       0
       0
       1
       0
       0
       0
       1
       0
       0
       0
       1
       0
       0
       0
       0
       1
       0
       0
       1
       0
       0
       0
       0
       0
       1
       0
       0
       0
       0
       0
       0
       0
       0
       0
       0
       0
       0
       0
       1
       0
       0
       0
       0
       1
       0
       0
       0
       0
       0
       1
       0
       0
       0
       0
       0
       0
       0
       0
$ROI:
0
$PRESETS:
None
0
0
$ENER_FIT:
-10.130505 2.230151
$MCA_CAL:
3
-1.013050E+001 2.230151E+000 -7.695740E-005 keV
$SHAPE_CAL:
3
6.128848E+000 7.994157E-002 -1.373380E-004
