$SPEC_ID:
No sample description was entered.
$SPEC_REM:
DET# 1
DETDESC# SPACESCIENCE4 digiBASE-RH SN 15121435
AP# Maestro Version 7.01
$DATE_MEA:
11/03/2025 14:26:38
$MEAS_TIM:
194 195
$DATA:
0 1023
       0
       0
       0
       0
       0
       0
       0
       0
       0
       0
       0
       0
       0
       0
       0
      36
     790
    1223
    1061
     849
     669
     631
     504
     475
     562
     520
     545
     524
     522
     604
     573
     597
     614
     596
     643
     653
     657
     693
     713
     687
     736
     708
     759
     707
     734
     728
     733
     810
     797
     830
     812
     798
     812
     820
     794
     828
     870
     820
     850
     851
     774
     875
     838
     795
     828
     861
     783
     880
     820
     830
     796
     815
     867
     799
     867
     827
     849
     846
     818
     830
     891
     904
     915
     865
     904
     923
     948
     911
     914
     960
     924
     949
     946
     939
     917
     874
     878
     877
     886
     848
     819
     878
     897
     824
     854
     818
     766
     742
     783
     757
     756
     729
     790
     770
     747
     709
     740
     689
     678
     726
     693
     715
     653
     676
     649
     636
     645
     593
     646
     615
     595
     568
     576
     518
     561
     557
     525
     535
     530
     518
     526
     540
     511
     492
     491
     501
     515
     516
     454
     515
     497
     435
     421
     477
     459
     478
     466
     421
     467
     467
     462
     461
     420
     458
     456
     413
     440
     451
     442
     452
     442
     452
     440
     450
     459
     456
     455
     445
     402
     415
     450
     384
     450
     453
     439
     401
     431
     377
     384
     371
     369
     393
     358
     332
     353
     377
     340
     308
     310
     300
     290
     302
     277
     292
     271
     248
     251
     215
     212
     189
     210
     182
     195
     203
     168
     170
     149
     154
     147
     149
     128
     117
     119
     131
     106
     106
     106
     120
      99
     113
     103
      96
     103
     100
      91
      90
      92
      84
      80
      77
      89
      92
     104
      90
      91
     110
      98
     107
      96
     121
     121
     123
     127
     152
     172
     163
     183
     181
     204
     200
     235
     253
     290
     287
     293
     351
     347
     436
     454
     544
     538
     571
     595
     655
     717
     731
     778
     869
     855
     984
     939
     971
     983
     991
    1013
    1016
    1011
    1038
    1099
    1049
    1075
    1038
    1049
     967
     992
     952
     886
     888
     865
     847
     774
     730
     731
     733
     640
     635
     670
     554
     564
     505
     434
     440
     430
     392
     369
     370
     368
     300
     277
     281
     261
     238
     260
     223
     205
     167
     184
     158
     154
     129
     128
     111
     116
     110
     112
     101
     102
      91
      70
      72
      71
      64
      64
      59
      40
      50
      50
      43
      36
      26
      29
      30
      27
      25
      24
      23
      26
      18
      13
      13
      11
      11
      14
      12
      11
      13
       8
       2
       1
      11
       7
       4
       5
       8
       4
       8
       5
      10
       6
       2
       6
       2
       4
       6
       6
       6
       2
       7
       2
       2
       3
       8
       3
       3
       2
       3
       3
       7
       4
       2
       8
       3
       2
       3
       5
       4
       3
       5
       2
       3
       4
       2
       5
       1
       5
       3
       2
       3
       2
       2
       2
       3
       6
       1
       4
       4
       5
       2
       0
       3
       1
       0
       1
       2
       2
       5
       2
       3
       3
       4
       3
       2
       3
       3
       0
       3
       3
       5
       1
       3
       2
       5
       1
       3
       3
       1
       2
       1
       2
       1
       4
       3
       1
       5
       4
       2
       2
       4
       4
       2
       0
       2
       4
       2
       6
       3
       0
       0
       3
       1
       0
       1
       3
       2
       3
       3
       5
       4
       0
       0
       2
       3
       3
       3
       1
       2
       2
       2
       2
       3
       6
       0
       3
       2
       1
       2
       5
       6
       5
       3
       1
       3
       2
       1
       2
       0
       0
       2
       2
       2
       1
       0
       0
       1
       4
       1
       2
       1
       0
       0
       2
       1
       1
       2
       0
       2
       0
       0
       1
       2
       2
       3
       0
       0
       2
       2
       0
       0
       1
       2
       0
       0
       6
       0
       0
       1
       0
       0
       1
       1
       4
       0
       2
       2
       3
       2
       0
       0
       4
       1
       0
       0
       0
       1
       2
       1
       2
       1
       1
       3
       2
       0
       4
       2
       0
       3
       1
       1
       0
       3
       0
       0
       2
       0
       0
       0
       4
       1
       1
       3
       1
       5
       1
       4
       7
       3
       2
       2
       1
       0
       1
       2
       2
       1
       2
       0
       1
       0
       2
       3
       4
       1
       5
       1
       5
       3
       3
       2
       0
       1
       1
       6
       2
       5
       1
       0
       0
       1
       1
       0
       1
       0
       4
       1
       1
       2
       0
       2
       1
       0
       2
       1
       0
       0
       0
       3
       1
       2
       0
       3
       0
       0
       0
       1
       0
       0
       0
       0
       1
       2
       1
       0
       1
       2
       0
       0
       0
       0
       0
       0
       2
       1
       0
       0
       1
       0
       0
       2
       1
       1
       2
       1
       1
       0
       2
       0
       0
       1
       1
       0
       1
       2
       1
       0
       1
       2
       0
       0
       1
       0
       0
       0
       1
       1
       0
       0
       2
       1
       0
       0
       2
       1
       2
       0
       0
       0
       0
       0
       0
       1
       2
       0
       1
       1
       1
       0
       1
       1
       1
       1
       0
       0
       0
       1
       1
       0
       0
       1
       0
       0
       0
       0
       0
       1
       0
       0
       0
       0
       0
       1
       2
       0
       2
       0
       0
       1
       0
       1
       0
       0
       0
       0
       0
       0
       0
       0
       0
       0
       1
       1
       0
       1
       0
       0
       0
       0
       0
       0
       1
       0
       0
       1
       0
       0
       0
       0
       0
       0
       0
       0
       1
       0
       1
       0
       1
       0
       0
       0
       0
       0
       2
       0
       0
       0
       0
       0
       0
       0
       0
       0
       1
       0
       1
       0
       0
       0
       0
       0
       0
       1
       0
       0
       0
       0
       0
       0
       0
       0
       0
       0
       1
       0
       0
       1
       1
       0
       0
       0
       0
       0
       1
       0
       0
       1
       2
       0
       0
       0
       0
       0
       0
       1
       0
       0
       0
       0
       0
       1
       0
       0
       0
       0
       0
       0
       0
       0
       0
       0
       1
       1
       0
       0
       0
       0
       0
       0
       0
       1
       0
       0
       0
       1
       1
       0
       0
       0
       0
       1
       0
       1
       0
       0
       0
       0
       0
       0
       0
       0
       1
       1
       0
       0
       0
       0
       0
       0
       0
       0
       0
       0
       0
       1
       0
       0
       2
       0
       0
       0
       0
       0
       0
       0
       1
       0
       0
       1
       0
       0
       1
       0
       1
       0
       0
       0
       1
       0
       0
       0
       0
       3
       0
       0
       1
       0
       0
       0
       0
       1
       0
       1
       0
       0
       0
       0
       0
       0
       0
       0
       0
       0
       0
       0
       0
       0
       0
       0
       1
       0
       0
       0
       0
       0
       1
       0
       0
       0
       0
       0
       0
       0
       0
       0
       0
       0
       0
       0
       0
       0
       0
       0
       0
       0
       0
       0
       0
       0
       0
       0
       0
       0
       0
       0
       0
       0
       0
       0
       0
       0
       0
       0
       0
       0
       0
       0
$ROI:
0
$PRESETS:
None
0
0
$ENER_FIT:
-10.130505 2.230151
$MCA_CAL:
3
-1.013050E+001 2.230151E+000 -7.695740E-005 keV
$SHAPE_CAL:
3
6.128848E+000 7.994157E-002 -1.373380E-004
