$SPEC_ID:
No sample description was entered.
$SPEC_REM:
DET# 1
DETDESC# SPACESCIENCE4 digiBASE-RH SN 15121435
AP# Maestro Version 7.01
$DATE_MEA:
11/03/2025 14:22:13
$MEAS_TIM:
246 247
$DATA:
0 1023
       0
       0
       0
       0
       0
       0
       0
       0
       0
       0
       0
       0
       0
       0
       0
      42
     896
    1496
    1302
    1079
     862
     773
     691
     614
     594
     584
     613
     615
     631
     674
     720
     701
     728
     717
     761
     761
     836
     812
     808
     858
     801
     858
     886
     882
     937
     908
     950
    1000
     965
     893
    1011
     968
    1035
     929
    1011
    1059
     958
    1027
    1045
    1003
     972
    1068
    1045
    1007
    1094
    1036
    1038
    1047
    1034
     994
    1066
    1039
     993
    1066
    1047
    1068
    1053
    1037
    1043
    1014
    1112
    1069
    1023
    1092
    1128
    1073
    1097
    1093
    1159
    1078
    1100
    1130
    1140
    1112
    1093
    1050
    1070
    1017
    1035
    1067
    1011
     975
     979
    1002
     976
     980
     974
     983
     912
     983
     923
     896
     891
     885
     889
     867
     834
     818
     813
     815
     780
     797
     830
     709
     702
     771
     719
     709
     690
     724
     697
     691
     705
     728
     694
     650
     670
     686
     642
     633
     657
     596
     621
     600
     584
     586
     607
     581
     575
     629
     563
     588
     596
     526
     540
     527
     550
     574
     593
     556
     589
     521
     541
     582
     541
     506
     528
     512
     519
     500
     519
     547
     549
     486
     512
     486
     528
     515
     491
     474
     473
     538
     458
     447
     469
     473
     466
     444
     507
     494
     486
     468
     438
     453
     434
     434
     406
     414
     418
     371
     326
     360
     331
     333
     345
     274
     283
     269
     270
     269
     258
     235
     197
     212
     217
     211
     194
     172
     160
     180
     160
     148
     181
     143
     130
     145
     128
     127
     111
     120
     111
     134
     121
     127
     124
     112
     118
     107
     122
     114
     105
     104
     119
      91
     115
     115
     116
     136
     117
     145
     127
     133
     150
     153
     159
     174
     199
     206
     230
     230
     298
     300
     297
     366
     377
     436
     460
     539
     531
     563
     656
     661
     722
     813
     899
     890
     932
     931
    1048
    1072
    1160
    1181
    1220
    1189
    1183
    1303
    1281
    1235
    1310
    1284
    1205
    1270
    1254
    1196
    1209
    1099
    1143
    1130
     984
    1003
     976
     917
     871
     817
     798
     805
     697
     663
     573
     574
     542
     489
     523
     497
     430
     377
     387
     341
     308
     328
     257
     249
     242
     220
     252
     238
     181
     203
     214
     183
     142
     138
     125
     111
     108
     116
     102
     106
      80
      94
      73
      73
      70
      58
      64
      53
      46
      43
      33
      40
      29
      30
      29
      37
      33
      24
      17
      15
      11
      19
      10
      19
      15
       9
      13
      12
      10
       6
       7
      13
       7
       3
       6
       3
       6
       8
       5
      11
       5
       4
       5
      11
       6
       3
       4
      10
       8
       5
       5
       4
       1
       5
       2
       5
       5
       1
       3
       6
       2
       2
       2
       4
       2
       5
       3
       0
       6
       2
       3
       3
       2
       3
       6
       4
       2
       7
       2
       2
       0
       3
       4
       7
       4
       2
       4
       7
       3
       3
       4
       3
       4
       1
       1
       3
       8
       5
       0
       4
       2
       1
       1
       4
       3
       6
       3
       2
       3
       0
       4
       5
       5
       5
       2
       2
       3
       1
       4
       2
       5
       4
       3
       2
       2
       3
       4
       1
       5
       2
       0
       3
       1
       5
       0
       5
       2
       1
       3
       1
       1
       1
       1
       1
       3
       1
       1
       1
       2
       3
       4
       4
       5
       5
       3
       3
       1
       3
       3
       7
       2
       3
       3
       1
       4
       1
       2
       2
       1
       2
       5
       3
       5
       2
       5
       2
       1
       1
       3
       1
       1
       2
       1
       1
       4
       3
       3
       1
       2
       1
       0
       2
       0
       3
       1
       6
       3
       2
       0
       2
       1
       0
       3
       0
       1
       1
       3
       2
       0
       1
       0
       0
       2
       4
       0
       1
       0
       6
       3
       1
       5
       1
       3
       1
       3
       3
       2
       2
       0
       1
       1
       2
       1
       0
       0
       1
       2
       3
       2
       1
       3
       4
       2
       1
       0
       1
       0
       2
       1
       2
       1
       1
       1
       2
       3
       3
       3
       2
       2
       2
       1
       1
       1
       0
       4
       3
       3
       3
       0
       3
       1
       3
       1
       3
       3
       3
       2
       4
       4
       1
       3
       4
       4
       1
       3
       4
       2
       1
       0
       2
       2
       2
       5
       3
       0
       4
       3
       1
       2
       3
       3
       2
       1
       3
       2
       3
       2
       2
       1
       1
       1
       1
       2
       2
       2
       2
       1
       3
       2
       2
       1
       1
       0
       1
       2
       0
       2
       0
       1
       0
       1
       0
       4
       1
       3
       3
       0
       0
       0
       2
       1
       0
       1
       1
       0
       0
       0
       2
       0
       0
       1
       1
       0
       3
       1
       1
       1
       1
       2
       0
       1
       0
       1
       0
       0
       2
       3
       1
       0
       0
       1
       1
       0
       2
       0
       1
       1
       0
       1
       1
       0
       2
       0
       1
       3
       0
       1
       0
       2
       0
       0
       2
       0
       0
       0
       1
       1
       1
       1
       0
       0
       0
       0
       2
       2
       0
       1
       1
       1
       0
       0
       1
       0
       0
       1
       2
       0
       0
       0
       1
       0
       0
       1
       0
       0
       0
       0
       0
       0
       0
       0
       0
       0
       0
       0
       1
       1
       3
       0
       0
       1
       0
       0
       0
       2
       1
       0
       1
       0
       0
       0
       2
       0
       0
       0
       0
       0
       0
       0
       1
       0
       1
       0
       0
       1
       1
       0
       0
       1
       0
       0
       0
       1
       0
       0
       0
       0
       0
       0
       1
       1
       0
       0
       0
       0
       0
       0
       0
       0
       0
       1
       1
       0
       0
       1
       0
       0
       0
       0
       1
       1
       1
       1
       0
       1
       0
       0
       1
       0
       0
       1
       0
       0
       0
       1
       0
       0
       0
       0
       0
       0
       0
       0
       3
       1
       0
       0
       0
       0
       0
       0
       0
       1
       0
       0
       0
       0
       1
       0
       0
       0
       0
       1
       0
       0
       0
       0
       0
       0
       0
       1
       0
       0
       0
       0
       0
       0
       0
       0
       0
       0
       0
       1
       0
       0
       1
       0
       0
       0
       0
       0
       0
       0
       1
       0
       0
       1
       0
       1
       0
       1
       0
       0
       0
       0
       0
       1
       0
       0
       1
       0
       0
       0
       0
       0
       0
       0
       0
       0
       0
       0
       1
       0
       1
       0
       0
       0
       0
       0
       1
       0
       1
       0
       0
       0
       0
       2
       0
       1
       0
       0
       0
       1
       1
       0
       0
       1
       0
       0
       0
       0
       0
       0
       0
       0
       0
       0
       0
       0
       0
       0
       0
       0
       0
       0
       0
       0
       0
       0
       0
       1
       0
       0
       0
       0
       0
       0
       0
       1
       0
       0
       0
       0
       0
       0
       0
       0
       0
       0
       0
       0
       0
       0
       0
       0
       0
       0
       0
       0
       0
       0
       0
       0
       0
       0
       0
$ROI:
0
$PRESETS:
None
0
0
$ENER_FIT:
-10.130505 2.230151
$MCA_CAL:
3
-1.013050E+001 2.230151E+000 -7.695740E-005 keV
$SHAPE_CAL:
3
6.128848E+000 7.994157E-002 -1.373380E-004
