$SPEC_ID:
No sample description was entered.
$SPEC_REM:
DET# 1
DETDESC# SPACESCIENCE4 digiBASE-RH SN 15121435
AP# Maestro Version 7.01
$DATE_MEA:
11/03/2025 14:06:57
$MEAS_TIM:
308 309
$DATA:
0 1023
       0
       0
       0
       0
       0
       0
       0
       0
       0
       0
       0
       0
       0
       0
       0
      47
    1282
    2057
    1842
    1470
    1142
     936
     748
     724
     739
     647
     654
     677
     759
     774
     820
     840
     865
     873
     879
     918
     913
     898
     991
     995
    1042
    1038
    1036
    1045
     962
    1079
    1118
    1107
    1129
    1140
    1155
    1120
    1118
    1166
    1182
    1157
    1160
    1163
    1129
    1233
    1222
    1143
    1192
    1167
    1216
    1174
    1153
    1202
    1171
    1090
    1203
    1182
    1126
    1113
    1172
    1171
    1160
    1180
    1208
    1229
    1182
    1139
    1243
    1235
    1315
    1308
    1267
    1361
    1335
    1328
    1371
    1241
    1233
    1264
    1279
    1247
    1205
    1238
    1233
    1247
    1147
    1183
    1191
    1187
    1121
    1074
    1085
    1094
    1057
    1037
    1088
    1033
    1004
    1033
     963
     980
     983
     957
     986
     940
     904
     895
     925
     852
     917
     888
     867
     826
     788
     808
     821
     759
     844
     792
     761
     797
     770
     745
     741
     722
     773
     704
     752
     718
     672
     731
     682
     621
     630
     638
     639
     614
     626
     629
     641
     636
     609
     628
     633
     629
     577
     619
     629
     604
     610
     634
     578
     592
     614
     624
     590
     594
     620
     617
     571
     573
     567
     560
     568
     541
     553
     599
     612
     562
     592
     579
     572
     573
     521
     500
     563
     544
     519
     497
     510
     507
     497
     487
     456
     423
     445
     422
     404
     384
     395
     358
     389
     338
     358
     295
     293
     307
     256
     264
     263
     259
     227
     233
     208
     206
     227
     193
     187
     170
     172
     182
     157
     155
     150
     137
     152
     148
     128
     124
     121
     125
     131
     110
     127
     128
     123
     114
     102
     123
      96
     108
     127
     120
     103
     135
     115
     111
     140
     144
     162
     178
     151
     193
     210
     216
     218
     266
     311
     328
     329
     397
     419
     511
     568
     622
     630
     700
     747
     846
     821
     891
    1005
     998
    1102
    1110
    1190
    1242
    1267
    1350
    1390
    1460
    1440
    1455
    1444
    1510
    1499
    1455
    1450
    1496
    1423
    1512
    1333
    1286
    1191
    1251
    1181
    1077
    1110
    1031
     964
     937
     876
     818
     775
     734
     728
     619
     610
     592
     535
     482
     532
     446
     425
     373
     422
     355
     323
     315
     266
     281
     258
     263
     236
     209
     197
     167
     166
     156
     151
     157
     123
     129
     113
     115
     102
      91
     104
      69
      55
      73
      66
      60
      56
      55
      43
      53
      38
      24
      31
      39
      16
      28
      21
      17
      20
      27
      13
      13
      13
      15
       9
      17
       9
       9
       8
       6
       7
       9
       7
       5
      11
       8
       3
       4
       4
       7
      12
       4
       4
       1
       6
       7
       4
       8
       8
       1
       1
       3
       5
       6
       1
       2
       7
       5
       4
       2
       7
       5
       5
       7
       2
       4
       9
       3
       6
       5
       8
       5
       5
       3
       2
       3
       3
       3
       6
       5
       5
       4
       8
       6
       3
       3
       3
       5
       5
       3
       2
       2
       5
       1
       3
       1
       3
       2
       8
       1
       1
       3
       5
       7
       1
       3
       3
       2
       3
       3
       3
       4
       4
       3
       1
       2
       2
       2
       2
       5
       6
       3
       0
       3
       1
       2
       0
       3
       1
       3
       2
       5
       4
       8
       3
       4
      10
       4
       1
       1
       2
       5
       2
       6
       2
       1
       2
       1
       5
       4
       1
       0
       4
       2
       1
       2
       5
       4
       5
       3
       3
       7
       4
       5
       4
       0
       8
       6
       1
       4
       2
       4
       4
       7
       2
       1
       1
       4
       3
       5
       3
       4
       3
       3
       2
       6
       2
       4
       1
       2
       3
       0
       4
       0
       1
       0
       2
       3
       3
       1
       2
       3
       3
       4
       3
       0
       1
       2
       2
       1
       1
       1
       2
       2
       1
       2
       1
       2
       3
       1
       0
       1
       1
       2
       2
       5
       2
       1
       2
       1
       1
       1
       1
       1
       2
       1
       1
       2
       5
       1
       3
       1
       3
       3
       3
       0
       3
       1
       5
       0
       3
       1
       4
       2
       3
       2
       4
       1
       1
       2
       2
       2
       0
       1
       4
       2
       1
       7
       2
       4
       3
       1
       3
       6
       3
       5
       2
       3
       6
       2
       5
       1
       2
       2
       1
       3
       1
       3
       4
       2
       2
       3
       1
       3
       1
       4
       2
       1
       2
       3
       2
       1
       1
       1
       3
       1
       0
       1
       1
       3
       3
       2
       2
       3
       3
       0
       2
       1
       0
       2
       0
       1
       2
       1
       2
       3
       1
       1
       0
       0
       0
       2
       1
       2
       0
       1
       0
       1
       5
       2
       0
       2
       3
       2
       0
       0
       1
       4
       1
       1
       1
       1
       1
       0
       0
       1
       0
       2
       2
       1
       0
       2
       1
       2
       4
       1
       0
       0
       0
       1
       0
       0
       0
       1
       2
       0
       3
       0
       1
       1
       0
       0
       0
       1
       0
       0
       0
       1
       0
       0
       3
       1
       0
       0
       2
       1
       1
       0
       0
       2
       1
       0
       0
       2
       0
       1
       2
       0
       0
       5
       2
       0
       1
       0
       0
       0
       0
       2
       0
       0
       0
       1
       0
       0
       0
       1
       1
       0
       0
       0
       1
       1
       0
       0
       1
       1
       1
       0
       0
       1
       0
       1
       0
       0
       0
       1
       0
       1
       1
       0
       0
       0
       0
       0
       0
       0
       0
       1
       1
       0
       0
       1
       0
       0
       1
       0
       0
       0
       0
       1
       1
       0
       1
       0
       0
       1
       1
       0
       1
       1
       0
       0
       2
       0
       1
       0
       0
       1
       1
       1
       0
       1
       0
       0
       0
       0
       0
       0
       0
       1
       0
       1
       1
       0
       0
       0
       1
       0
       0
       0
       1
       0
       0
       0
       0
       0
       1
       0
       0
       0
       0
       0
       0
       0
       0
       0
       2
       0
       0
       0
       0
       0
       0
       2
       0
       0
       0
       0
       0
       1
       0
       0
       0
       0
       0
       0
       0
       0
       0
       0
       1
       0
       0
       1
       1
       0
       0
       1
       0
       1
       0
       0
       1
       0
       0
       0
       1
       0
       0
       0
       1
       0
       0
       0
       1
       0
       0
       2
       0
       1
       0
       0
       1
       1
       0
       1
       1
       0
       0
       0
       0
       0
       1
       0
       0
       0
       0
       0
       0
       0
       2
       0
       1
       0
       0
       0
       0
       0
       0
       0
       0
       0
       1
       1
       0
       0
       0
       0
       0
       0
       0
       0
       1
       0
       0
       0
       0
       0
       0
       0
       0
       0
       0
       0
       1
       0
       0
       0
       2
       0
       0
       1
       0
       0
       0
       0
       0
       1
       0
       0
       0
       0
       0
       0
       0
       0
       0
       0
       0
       0
       0
       0
       0
       0
       0
       0
       0
       2
       0
       0
       0
       0
       0
       0
       0
       0
       0
       0
       0
       0
       1
       0
$ROI:
0
$PRESETS:
None
0
0
$ENER_FIT:
-10.130505 2.230151
$MCA_CAL:
3
-1.013050E+001 2.230151E+000 -7.695740E-005 keV
$SHAPE_CAL:
3
6.128848E+000 7.994157E-002 -1.373380E-004
