$SPEC_ID:
No sample description was entered.
$SPEC_REM:
DET# 1
DETDESC# SPACESCIENCE4 digiBASE-RH SN 15121435
AP# Maestro Version 7.01
$DATE_MEA:
11/03/2025 14:12:23
$MEAS_TIM:
285 286
$DATA:
0 1023
       0
       0
       0
       0
       0
       0
       0
       0
       0
       0
       0
       0
       0
       0
       0
      64
    1173
    1818
    1592
    1238
    1027
     836
     725
     688
     638
     636
     610
     713
     660
     703
     724
     771
     763
     742
     762
     871
     869
     878
     839
     935
     897
     925
     960
     973
    1010
    1054
     990
    1051
    1042
    1034
    1079
    1004
    1139
    1054
    1062
    1156
    1127
    1005
    1101
    1088
    1110
    1089
    1093
    1121
    1163
    1025
    1116
    1108
    1024
    1062
    1040
    1095
    1096
    1076
    1076
    1101
    1035
    1048
    1152
    1097
    1166
    1088
    1186
    1209
    1206
    1160
    1226
    1175
    1300
    1181
    1187
    1227
    1220
    1157
    1163
    1134
    1141
    1128
    1146
    1134
    1095
    1058
     958
    1012
    1052
    1053
     996
    1045
    1006
     987
     984
     942
     946
     968
     939
     925
     928
     935
     819
     899
     837
     849
     814
     833
     838
     802
     820
     857
     779
     752
     757
     746
     731
     720
     719
     728
     683
     716
     693
     647
     656
     637
     686
     611
     624
     588
     621
     592
     645
     612
     639
     589
     535
     562
     601
     596
     578
     618
     566
     554
     612
     593
     523
     584
     569
     559
     548
     558
     586
     571
     567
     584
     575
     548
     537
     507
     498
     482
     496
     563
     494
     532
     512
     535
     518
     507
     524
     535
     547
     521
     478
     517
     490
     526
     496
     451
     446
     433
     432
     410
     416
     372
     334
     348
     354
     365
     363
     322
     344
     293
     287
     297
     271
     255
     225
     244
     217
     195
     201
     190
     180
     174
     161
     179
     150
     152
     137
     138
     155
     143
     124
     116
     105
     116
     113
     122
     121
     111
      99
     107
     107
      93
      99
      96
     108
     104
     109
     105
     101
      99
     135
     130
     132
     133
     141
     169
     170
     186
     205
     248
     218
     290
     281
     357
     356
     404
     441
     470
     497
     548
     609
     683
     710
     767
     818
     900
     877
    1006
    1039
    1078
    1103
    1192
    1276
    1289
    1282
    1311
    1351
    1417
    1357
    1361
    1387
    1306
    1377
    1350
    1298
    1301
    1306
    1244
    1161
    1101
    1136
     996
    1072
     906
     872
     912
     748
     729
     743
     670
     654
     582
     560
     519
     459
     448
     434
     403
     365
     379
     306
     291
     262
     249
     255
     227
     225
     210
     194
     197
     191
     166
     166
     149
     142
     128
     133
     122
     112
      86
      92
      99
      68
      64
      61
      66
      57
      65
      61
      65
      34
      33
      29
      37
      31
      35
      28
      21
      21
      18
      15
      21
      14
      10
      14
      10
      10
       8
      14
      11
      20
       9
       6
       5
       4
       8
       6
       2
       5
       7
      10
       4
       4
       6
       4
       6
       8
       6
       3
       2
       2
       5
       5
       6
       3
       3
       7
       6
       6
       3
       2
       6
       8
       7
       4
       4
       6
       3
      10
       2
       1
       1
       4
       8
       4
       2
       4
       3
       4
       4
       4
       5
       5
       2
       4
       1
       6
       3
       3
       4
       4
       7
       2
       6
       2
       3
       2
       6
       1
       7
       4
       3
       1
       5
       0
       5
       3
       3
       2
       3
       7
       3
       3
       5
       7
       1
       3
       3
       5
       1
       6
       3
       4
       5
       1
       3
       2
       5
       2
       4
       3
       0
       1
       1
       3
       1
       3
       2
       4
       6
       5
       2
       1
       2
       3
       1
       6
       2
       3
       2
       3
       1
       4
       2
       2
       2
       2
       2
       4
       5
       6
       9
       1
       5
       2
       2
       4
       1
       4
       4
       2
       3
       5
       2
       4
       1
       1
       2
       2
       3
       1
       5
       4
       4
       4
       4
       1
       4
       0
       2
       3
       2
       2
       3
       1
       2
       3
       2
       2
       3
       2
       3
       1
       1
       3
       4
       0
       3
       0
       0
       3
       3
       1
       1
       3
       3
       1
       0
       1
       3
       2
       3
       2
       2
       1
       2
       1
       3
       1
       3
       3
       2
       5
       4
       4
       2
       2
       4
       2
       1
       1
       2
       2
       3
       1
       3
       1
       1
       6
       2
       2
       1
       1
       6
       3
       0
       1
       3
       3
       0
       3
       5
       4
       1
       2
       3
       2
       2
       3
       2
       2
       4
       3
       4
       3
       4
       4
       4
       2
       5
       2
       5
       1
       2
       2
       4
       0
       1
       3
       4
       1
       7
       3
       1
       0
       2
       1
       1
       2
       3
       0
       2
       2
       2
       2
       1
       2
       2
       4
       2
       0
       6
       3
       3
       2
       2
       1
       1
       3
       2
       1
       2
       3
       2
       0
       1
       1
       2
       1
       0
       2
       2
       2
       1
       3
       3
       1
       0
       2
       2
       2
       2
       0
       2
       3
       3
       0
       2
       1
       1
       0
       3
       1
       3
       0
       1
       2
       2
       0
       2
       0
       0
       0
       1
       0
       1
       0
       1
       1
       0
       1
       0
       1
       0
       1
       2
       0
       1
       1
       0
       0
       0
       3
       0
       1
       1
       2
       1
       1
       0
       0
       1
       0
       1
       1
       2
       1
       1
       0
       0
       0
       0
       0
       1
       0
       1
       0
       1
       0
       1
       1
       0
       0
       1
       1
       1
       2
       0
       0
       3
       0
       1
       0
       0
       0
       1
       0
       1
       1
       0
       0
       0
       1
       0
       0
       0
       0
       0
       2
       0
       0
       0
       0
       1
       0
       0
       0
       0
       0
       1
       0
       0
       1
       0
       2
       0
       1
       1
       0
       0
       0
       0
       2
       1
       1
       1
       0
       0
       1
       0
       0
       0
       0
       1
       0
       3
       0
       0
       1
       0
       1
       1
       0
       0
       1
       0
       1
       2
       0
       0
       0
       0
       1
       0
       1
       0
       0
       0
       0
       0
       0
       0
       1
       0
       1
       0
       0
       0
       0
       0
       0
       0
       0
       1
       0
       0
       0
       0
       0
       1
       2
       0
       0
       0
       0
       0
       0
       0
       0
       0
       1
       0
       0
       1
       0
       1
       0
       0
       0
       0
       0
       0
       1
       0
       1
       0
       1
       1
       1
       0
       1
       0
       1
       0
       0
       0
       0
       0
       0
       0
       0
       0
       1
       0
       0
       0
       0
       1
       0
       0
       0
       0
       0
       0
       0
       0
       1
       0
       0
       1
       1
       0
       0
       0
       1
       0
       1
       0
       0
       0
       0
       0
       1
       0
       0
       0
       0
       1
       0
       0
       0
       0
       0
       0
       0
       0
       0
       0
       0
       0
       1
       1
       0
       0
       0
       0
       1
       0
       0
       0
       1
       0
       1
       1
       0
       0
       0
       0
       0
       0
       0
       0
       0
       0
       0
       0
       1
       0
       0
       0
       0
       1
       0
       0
       0
       0
       0
       0
       0
       0
       1
       1
       0
       0
       0
       0
       0
       0
       0
       0
       0
       1
       0
       0
       1
       0
       0
       0
       0
       0
       0
       0
       0
       0
       1
       0
       0
       0
       0
       0
       0
       0
       0
       0
$ROI:
0
$PRESETS:
None
0
0
$ENER_FIT:
-10.130505 2.230151
$MCA_CAL:
3
-1.013050E+001 2.230151E+000 -7.695740E-005 keV
$SHAPE_CAL:
3
6.128848E+000 7.994157E-002 -1.373380E-004
