$SPEC_ID:
No sample description was entered.
$SPEC_REM:
DET# 2
DETDESC# SPACESCIENCE8 digiBASE-RH SN 15121449
AP# Maestro Version 7.01
$DATE_MEA:
11/03/2025 15:35:09
$MEAS_TIM:
239 239
$DATA:
0 1023
       0
       0
       0
       0
       0
       0
       0
       0
       0
       0
       5
      70
      93
      93
      92
     115
     127
     149
     163
     149
     169
     188
     170
     202
     197
     238
     182
     247
     239
     230
     264
     227
     244
     269
     247
     260
     220
     245
     211
     209
     210
     221
     187
     215
     189
     188
     170
     163
     163
     142
     168
     170
     171
     153
     154
     137
     135
     136
     144
     136
     153
     142
     126
     123
     133
     109
     137
     125
     131
     117
     133
     127
     124
     134
      88
     125
     113
     116
     112
     112
     105
     107
      95
      83
      95
     104
     106
      91
      86
      92
     100
     109
      91
      98
     106
      90
      74
      79
      66
      62
      85
      80
      87
      68
      76
      80
      86
      71
      67
      63
      72
      69
      80
      56
      59
      64
      52
      67
      64
      55
      57
      61
      43
      50
      53
      65
      56
      54
      45
      55
      39
      36
      47
      40
      44
      58
      44
      51
      37
      54
      53
      45
      52
      46
      39
      39
      39
      40
      30
      48
      30
      42
      38
      41
      37
      47
      21
      47
      32
      28
      38
      41
      30
      30
      22
      26
      30
      33
      24
      33
      19
      35
      38
      26
      30
      31
      27
      25
      29
      27
      27
      26
      23
      25
      26
      29
      29
      21
      27
      28
      29
      23
      31
      27
      17
      22
      20
      25
      28
      28
      34
      34
      20
      20
      26
      14
      26
      14
      31
      18
      20
      27
      23
      20
      17
      31
      26
      18
      15
      26
      20
      22
      26
      19
      25
      21
      18
      30
      24
      19
      21
      28
      15
      17
      17
      20
      24
      17
      17
      29
      24
      18
      24
      18
      23
      28
      17
      20
      16
      22
      22
      23
      20
      25
      13
      19
      24
      20
      25
      20
      21
      16
      19
      19
      13
      29
      19
      18
      14
      18
      20
      18
      20
      22
      14
      19
      23
      18
      16
      12
      23
      11
      15
      11
       9
       9
      19
      20
      14
       8
       8
      10
      17
      13
      10
      12
       8
      10
       9
      17
      12
      19
      13
       9
      13
      12
       9
      16
       9
      10
      13
      14
      15
       6
      12
      15
       6
      15
      10
      17
       8
       6
      10
      16
      12
      11
       9
      11
       5
       4
      14
      12
      12
       9
       6
      10
       8
       8
       9
       7
      11
      12
      10
      11
       7
       9
       9
       8
      15
      12
       5
      20
       4
      15
      11
      12
       8
       7
       7
      11
      12
       7
      11
       8
       8
      12
      15
       7
       6
      10
       7
       7
      10
       6
       9
      14
      10
       8
      15
       6
      13
      11
      14
       7
      11
       7
      11
      15
      11
       9
      17
      14
      10
       8
      12
       7
       8
      11
      10
       9
       6
      13
      12
       9
      11
       9
       6
      12
       6
       7
       7
       5
       7
      10
      10
       4
       6
       9
      12
       8
       8
       6
      10
       5
       9
       7
       3
      11
       5
      10
       8
       2
       8
       5
      11
       2
       9
      11
       4
       4
       9
       2
       8
       5
       7
       2
      10
       5
       2
       8
       6
       8
       5
      12
       8
       6
       9
       8
       8
       8
       9
       6
      10
      12
      13
       8
      14
       8
      11
      11
       9
      11
      10
      15
      13
      19
      14
      16
      15
      20
      13
      24
      17
      17
      19
      16
      23
      20
      18
      29
      16
      21
      15
      17
      22
      16
      20
      22
      23
      21
      16
      26
      23
      17
      19
      23
      14
      18
      21
      17
      14
      19
      26
      20
      18
      17
      11
      15
      17
      16
      14
      13
      14
      17
      19
      14
      16
      14
      11
      17
      17
       8
       8
      10
      10
      13
       9
       9
      19
      14
       9
      14
      13
      23
      12
       5
      16
      17
       8
      13
      13
      20
      19
      18
      19
      17
      19
      15
      22
      22
      11
      12
      14
      27
      15
      18
      19
      14
      15
      17
      21
      21
      14
      16
      18
      18
      17
      21
      20
      12
      16
      15
      15
      16
      12
      16
      11
      16
      14
      12
       8
      12
      14
       9
      10
      10
       7
      11
      10
       9
      10
      17
       9
       6
      14
      15
       7
       8
       8
      10
      15
      13
      15
       6
       7
       9
      14
       8
       7
      10
       9
       9
      12
      14
       8
       7
       7
      10
      11
      11
       3
       4
       7
      11
      12
       5
       5
       6
       6
       3
       5
      10
       6
       3
      11
       7
       4
       2
       4
       7
       5
       1
       4
       0
       5
       5
       1
       2
       4
       0
       0
       4
       1
       2
       0
       2
       1
       3
       1
       1
       2
       1
       1
       1
       0
       2
       5
       0
       2
       0
       1
       1
       2
       1
       3
       0
       0
       3
       0
       2
       0
       1
       0
       0
       0
       0
       0
       1
       2
       0
       0
       1
       1
       1
       0
       0
       1
       0
       1
       0
       0
       0
       1
       0
       3
       0
       1
       2
       2
       0
       1
       2
       2
       1
       0
       3
       1
       1
       0
       1
       2
       2
       1
       0
       1
       1
       2
       4
       3
       2
       2
       3
       3
       1
       1
       2
       3
       2
       2
       4
       0
       2
       3
       5
       2
       3
       4
       1
       2
       1
       2
       0
       0
       1
       1
       1
       2
       3
       2
       1
       2
       0
       5
       1
       0
       1
       0
       1
       0
       3
       1
       0
       1
       0
       0
       0
       3
       2
       2
       1
       1
       2
       0
       2
       0
       0
       1
       2
       2
       1
       1
       2
       0
       2
       3
       1
       1
       1
       0
       1
       3
       1
       0
       0
       0
       0
       1
       1
       0
       0
       1
       1
       0
       0
       0
       0
       1
       0
       2
       0
       0
       0
       0
       2
       0
       0
       1
       0
       0
       1
       1
       1
       0
       0
       2
       0
       0
       1
       1
       1
       2
       0
       1
       0
       0
       0
       0
       0
       1
       0
       0
       0
       0
       0
       1
       0
       0
       0
       0
       0
       1
       2
       1
       1
       0
       0
       2
       1
       1
       2
       1
       1
       0
       1
       0
       1
       0
       1
       0
       2
       0
       0
       0
       1
       1
       1
       1
       0
       0
       0
       1
       1
       2
       2
       1
       0
       2
       1
       0
       2
       2
       1
       1
       0
       1
       3
       1
       0
       0
       2
       0
       0
       0
       1
       2
       0
       1
       0
       1
       1
       1
       1
       1
       0
       1
       0
       1
       0
       0
       0
       0
       1
       0
       2
       0
       0
       1
       1
       0
       1
       0
       0
       0
       0
       0
       0
       0
       0
       1
       0
       1
       2
       1
       1
       0
       1
       0
       0
       0
       0
       0
       1
       0
       0
       1
       1
       0
       0
       1
       1
       0
       1
       1
       1
       0
       0
       0
       0
       0
       0
       0
       0
       0
       1
       0
       0
       1
       0
       0
       0
       0
       1
       0
       0
       1
       0
       0
       0
       0
       0
       1
       1
       0
       0
       0
       0
       0
       0
       0
       0
       0
       0
       0
       0
$ROI:
0
$PRESETS:
None
0
0
$ENER_FIT:
0.000000 2.205567
$MCA_CAL:
3
0.000000E+000 2.205567E+000 0.000000E+000 keV
$SHAPE_CAL:
3
0.000000E+000 0.000000E+000 0.000000E+000
