$SPEC_ID:
No sample description was entered.
$SPEC_REM:
DET# 1
DETDESC# SPACESCIENCE4 digiBASE-RH SN 15121435
AP# Maestro Version 7.01
$DATE_MEA:
11/03/2025 14:30:22
$MEAS_TIM:
264 264
$DATA:
0 1023
       0
       0
       0
       0
       0
       0
       0
       0
       0
       0
       0
       0
       0
       0
       0
       3
      52
      90
      79
      73
      71
      61
      66
      72
      78
      79
      88
     111
     109
     111
     133
     155
     157
     151
     155
     172
     175
     186
     174
     194
     200
     198
     196
     193
     196
     190
     200
     184
     178
     181
     206
     182
     199
     174
     150
     149
     159
     171
     167
     150
     154
     161
     155
     136
     140
     147
     152
     139
     136
     121
     113
     119
     139
     145
     134
     112
     143
     139
     107
     113
     119
     119
      98
     101
      96
      92
      96
      92
      85
      74
      90
     101
      80
     100
      76
     112
      82
      76
      67
      68
      94
      65
      71
      76
      74
      76
      74
      58
      71
      73
      53
      51
      67
      54
      61
      54
      58
      51
      57
      58
      50
      56
      35
      47
      42
      37
      39
      45
      52
      51
      37
      45
      36
      38
      36
      37
      31
      40
      38
      44
      30
      45
      32
      38
      37
      27
      31
      31
      24
      32
      24
      31
      26
      33
      31
      23
      31
      24
      25
      25
      27
      27
      21
      28
      21
      15
      23
      19
      22
      26
      17
      21
      20
      19
      25
      16
      23
      17
      15
      16
      11
      11
      18
      20
      20
      19
      12
      18
      13
      16
       8
      17
       8
       9
      19
      14
      15
      12
      14
      10
      13
      14
      18
      13
      12
      12
      10
      11
      11
      15
      12
       3
       8
      11
      10
      15
       9
       8
       9
       8
      12
      11
      15
      13
      12
      12
       8
       9
      11
       7
      11
      10
       9
      15
       8
      11
       8
       8
      12
      17
      10
      11
       9
       6
       5
      10
       4
       8
       7
       9
       7
       8
       6
       8
       9
      13
      12
       9
      13
       9
      22
       9
       7
      11
      17
      13
       8
       9
       6
      10
       8
      11
      11
       6
       8
       6
      10
       7
      13
      14
       3
       7
       9
       3
       7
      10
       5
       7
       6
       3
       6
       6
       4
       8
       7
      10
       5
       6
       5
       5
       2
       7
       5
       7
       3
       5
       9
       6
       4
       8
       8
       5
       3
       2
       9
       5
       6
       2
       2
       5
       4
       5
       4
       7
      10
       5
       5
       1
       6
       9
      11
      10
       7
       7
       5
      11
       6
       5
       7
       9
       5
       3
       8
      10
       2
       6
       1
       7
       6
       5
       3
       7
       4
       3
       6
       4
       4
       6
       6
       2
       5
       1
       5
       8
       5
       5
       2
       1
       3
       6
       7
       7
       4
       4
       0
       5
       4
       5
       5
       3
       5
       3
       4
       4
       2
       8
       6
       6
       4
       6
       3
       4
       5
       4
       3
       1
       3
       3
       6
       2
       3
       4
       6
       6
       4
       6
       3
       6
       6
       0
       5
       8
       4
       2
       4
       4
       1
       3
       5
       3
       4
       3
       3
       6
       6
       2
       3
       2
       3
       4
       7
       6
       1
       3
       1
       3
       3
       3
       3
       2
       2
       1
       1
       4
       4
       1
       4
       4
       2
       3
       5
       4
       6
       3
       1
       5
       1
       4
      11
       2
       3
       0
       3
       2
       2
       4
       1
       2
       4
       5
       6
       2
       6
       6
       2
       6
       2
       3
       5
       1
       3
       3
       6
       1
       3
       0
       2
       3
       3
       4
       2
       3
       2
       3
       1
       1
       3
       3
       2
       4
       2
       3
       0
       3
       4
       1
       1
       3
       1
       1
       3
       1
       4
       3
       2
       4
       3
       1
       3
       3
       0
       2
       0
       3
       0
       2
       0
       3
       4
       3
       3
       5
       1
       0
       2
       1
       2
       2
       1
       3
       0
       1
       2
       1
       2
       0
       0
       2
       4
       2
       0
       0
       0
       3
       1
       2
       0
       4
       2
       1
       0
       3
       1
       2
       1
       2
       2
       0
       4
       4
       0
       0
       2
       4
       4
       2
       1
       1
       2
       2
       0
       1
       1
       4
       1
       1
       1
       1
       1
       0
       3
       3
       2
       6
       2
       1
       1
       2
       3
       0
       3
       1
       1
       1
       2
       7
       4
       2
       1
       3
       3
       4
       1
       3
       2
       4
       1
       2
       3
       3
       2
       2
       2
       5
       4
       1
       4
       7
       0
       4
       1
       0
       2
       3
       1
       1
       2
       2
       2
       0
       4
       1
       3
       1
       3
       2
       2
       1
       2
       2
       0
       2
       1
       4
       3
       5
       4
       2
       1
       2
       1
       1
       1
       0
       1
       0
       2
       5
       1
       1
       3
       2
       1
       1
       0
       0
       0
       2
       0
       0
       0
       0
       1
       0
       0
       2
       2
       1
       0
       0
       2
       1
       1
       2
       1
       0
       3
       2
       0
       1
       1
       0
       1
       1
       1
       0
       1
       0
       0
       1
       0
       0
       0
       0
       1
       0
       0
       1
       1
       1
       1
       0
       0
       1
       2
       2
       1
       1
       0
       0
       1
       0
       0
       1
       0
       0
       0
       0
       0
       2
       1
       0
       0
       1
       1
       0
       1
       1
       2
       0
       0
       0
       0
       0
       1
       1
       0
       1
       0
       0
       0
       2
       0
       1
       0
       0
       0
       0
       0
       1
       0
       0
       0
       1
       0
       0
       0
       1
       1
       0
       0
       1
       0
       0
       0
       0
       1
       0
       1
       0
       0
       1
       0
       0
       0
       0
       0
       2
       1
       1
       1
       0
       0
       0
       0
       0
       1
       1
       1
       0
       0
       0
       1
       0
       0
       1
       0
       1
       1
       0
       1
       0
       0
       1
       0
       0
       0
       0
       0
       0
       0
       1
       2
       0
       1
       0
       0
       0
       0
       1
       0
       1
       0
       0
       0
       1
       1
       0
       0
       1
       0
       0
       0
       0
       0
       0
       1
       0
       2
       0
       1
       0
       1
       0
       0
       1
       0
       0
       1
       0
       0
       0
       1
       0
       0
       0
       1
       0
       0
       1
       0
       0
       0
       0
       1
       0
       1
       0
       0
       0
       0
       1
       0
       0
       0
       1
       0
       0
       0
       2
       1
       0
       0
       0
       0
       0
       0
       0
       0
       0
       0
       0
       0
       1
       0
       0
       0
       0
       0
       0
       0
       0
       0
       1
       0
       0
       0
       0
       1
       0
       0
       2
       0
       0
       0
       0
       0
       0
       1
       0
       0
       1
       0
       0
       0
       0
       0
       2
       0
       0
       0
       0
       0
       1
       0
       0
       0
       0
       0
       0
       0
       0
       1
       0
       0
       0
       0
       0
       0
       0
       0
       0
       0
       1
       0
       0
       0
       0
       0
       0
       0
       0
       1
       0
       2
       0
       0
       0
       0
       0
       0
       0
       0
       0
       0
       0
       0
       0
       1
       1
       0
       2
       0
       0
       0
       0
       0
       0
       1
       1
       0
       0
       0
       0
       1
       0
       1
       1
       2
       0
       0
       0
       0
       0
$ROI:
0
$PRESETS:
None
0
0
$ENER_FIT:
-10.130505 2.230151
$MCA_CAL:
3
-1.013050E+001 2.230151E+000 -7.695740E-005 keV
$SHAPE_CAL:
3
6.128848E+000 7.994157E-002 -1.373380E-004
